0 0.3022666666666667 0.15864444444444445 0.16515000000000005 0.23973333333333333
0 0.4178833333333333 0.14573333333333333 0.12059999999999997 0.21388888888888888
4 0.31303333333333333 0.5173777777777777 0.39574999999999994 0.9652444444444445
4 0.4678833333333334 0.5002666666666666 0.2509166666666666 0.9390888888888888
0 0.08 0.22935555555555556 0.09333333333333334 0.14680000000000004
0 0.14241666666666666 0.22855555555555554 0.10908333333333337 0.1613333333333333
4 0.09211666666666667 0.4627333333333333 0.17818333333333333 0.6135777777777778
1 0.09833333333333333 0.65 0.19666666666666666 0.6511111111111111
1 0.3165166666666667 0.6294888888888889 0.5027333333333334 0.7410000000000001
0 0.6424166666666666 0.132 0.11515000000000006 0.2026
4 0.6910666666666666 0.40193333333333336 0.2821166666666666 0.7384222222222221
1 0.6581833333333333 0.6168222222222222 0.25574999999999987 0.7479777777777779
0 0.5321166666666667 0.22633333333333333 0.07636666666666675 0.12053333333333335
0 0.8430333333333333 0.1728 0.04363333333333325 0.13066666666666665
0 0.9636333333333332 0.15524444444444443 0.0727333333333335 0.12382222222222222
1 0.8574166666666667 0.4958666666666666 0.1603000000000001 0.5343777777777778
4 0.875 0.3848 0.11059999999999993 0.5465555555555556
4 0.9651500000000001 0.19904444444444444 0.06969999999999989 0.19124444444444444
1 0.9522666666666667 0.46055555555555555 0.09544999999999997 0.4111999999999999