0 0.17548076923076922 0.3637980769230769 0.18269230769230768 0.2339903846153846
0 0.3517548076923077 0.3265625 0.11858173076923073 0.15151442307692312
0 0.42086538461538464 0.32596153846153847 0.09254807692307693 0.14629807692307695
0 0.5915384615384617 0.31872596153846156 0.14543269230769237 0.1959615384615384
0 0.8425480769230769 0.3197355769230769 0.17867788461538472 0.22600961538461534
3 0.5324519230769231 0.8520432692307692 0.15144230769230768 0.032620192307692426
3 0.6736778846153846 0.9253365384615384 0.14141826923076925 0.04298076923076922
0 0.055288461538461536 0.31875 0.07050480769230769 0.09983173076923081
4 0.1738701923076923 0.6263942307692307 0.3237259615384615 0.7471875000000001
4 0.36617788461538464 0.5607692307692307 0.17949519230769234 0.6279807692307693
4 0.5516826923076923 0.5990144230769231 0.33413461538461536 0.7565144230769228
4 0.8020913461538461 0.5633653846153847 0.3301201923076924 0.7092788461538461
1 0.5264423076923077 0.7355769230769231 0.3798076923076923 0.5288461538461539
1 0.7596153846153846 0.7506009615384616 0.40545673076923067 0.4987980769230769