0 0.2800480769230769 0.27749999999999997 0.07932692307692307 0.10548076923076923
0 0.4543269230769231 0.2516586538461538 0.0833413461538462 0.12192307692307695
4 0.26382211538461536 0.4664903846153846 0.22716346153846154 0.46742788461538454
1 0.2618269230769231 0.5902403846153845 0.2151442307692308 0.4825721153846153
3 0.234375 0.5378365384615384 0.08413461538461539 0.03322115384615383
4 0.4653365384615385 0.47668269230769234 0.20552884615384615 0.5879807692307693
1 0.4567307692307692 0.6270673076923077 0.3125 0.5562259615384615
3 0.4188701923076923 0.5614663461538462 0.09656250000000004 0.04040865384615385
0 0.8084855769230769 0.23625000000000002 0.10257211538461529 0.11110576923076923
4 0.8165144230769231 0.45826923076923076 0.24680288461538452 0.5511298076923077
1 0.7960817307692308 0.5519951923076923 0.2780528846153845 0.5142307692307692
3 0.7790384615384615 0.4877884615384615 0.08774038461538461 0.037259615384615384