0 0.4729554655870445 0.15866666666666668 0.11018218623481776 0.17573913043478265
0 0.1661336032388664 0.20130434782608697 0.09224696356275303 0.13678260869565217
0 0.2585222672064777 0.21249275362318842 0.08327935222672067 0.13428985507246374
4 0.17119433198380565 0.4164927536231884 0.17467611336032393 0.567159420289855
4 0.2688056680161943 0.3268985507246377 0.10670040485829958 0.35901449275362324
1 0.13360323886639677 0.563768115942029 0.26720647773279355 0.6
4 0.47714574898785433 0.4406956521739131 0.24291497975708506 0.7439130434782608
1 0.43724696356275305 0.6463768115942029 0.46558704453441296 0.7072463768115942
0 0.7916396761133603 0.13881159420289854 0.06506072874493925 0.10289855072463767
4 0.7910728744939272 0.21660869565217392 0.12174089068825908 0.2584927536231884
1 0.7414777327935224 0.3923188405797101 0.10062753036437254 0.3407536231884058
0 0.5430971659919028 0.16446376811594204 0.050890688259109286 0.1045217391304348
0 0.9086234817813765 0.13031884057971016 0.12261133603238876 0.20597101449275362
4 0.8906882591093117 0.4518550724637681 0.21398785425101222 0.8407536231884056
1 0.8340080971659919 0.6246376811594203 0.3319838056680162 0.7507246376811594
3 0.7852834008097166 0.5399420289855072 0.08704453441295547 0.068695652173913