0 0.60145 0.13381322957198444 0.11079999999999998 0.17669260700389103
0 0.7267 0.15346303501945524 0.10867500000000006 0.16684824902723733
2 0.8292 0.16392996108949417 0.11632499999999993 0.14268482490272374
2 0.8458 0.32035019455252917 0.07052500000000009 0.1114785992217899
2 0.576175 0.2973929961089494 0.049724999999999964 0.11478599221789883
4 0.5689500000000001 0.47478599221789886 0.27472500000000005 0.8504669260700389
4 0.693675 0.4340466926070039 0.208425 0.7321400778210116
4 0.8342 0.4408171206225681 0.17367500000000008 0.7087937743190661
4 0.8413249999999999 0.41490272373540854 0.13 0.3087937743190662
4 0.53395 0.4115953307392996 0.15737499999999996 0.31859922178988326
1 0.6004 0.6267315175097276 0.729725 0.6873929961089493