0 0.22412500000000002 0.14925925925925926 0.06557499999999998 0.16746031746031742
4 0.2347 0.4524867724867725 0.13672499999999999 0.7779894179894179
1 0.1552 0.5993650793650793 0.25270000000000004 0.6403703703703705
2 0.47712499999999997 0.16656084656084655 0.05037499999999994 0.13285714285714284
4 0.495475 0.45391534391534394 0.158275 0.7034920634920635
1 0.46759999999999996 0.5757671957671957 0.221725 0.5931746031746032
2 0.510875 0.17285714285714288 0.03519999999999996 0.10068783068783069
0 0.7353000000000001 0.1508994708994709 0.05712500000000006 0.15444444444444447
4 0.74855 0.45513227513227517 0.1952000000000001 0.7629100529100529
1 0.7291249999999999 0.5887830687830687 0.19094999999999998 0.6517460317460317
0 0.89145 0.13539682539682538 0.054050000000000015 0.13978835978835977
4 0.8886499999999999 0.35343915343915344 0.10422499999999985 0.5758201058201059
1 0.8673000000000001 0.421005291005291 0.16537499999999994 0.38534391534391527