0 0.6572 0.1639655172413793 0.08794999999999994 0.16893103448275865
4 0.660725 0.452448275862069 0.2126500000000001 0.7498965517241378
1 0.648225 0.666206896551724 0.23765000000000008 0.5039999999999999
0 0.86265 0.18768965517241382 0.08412499999999995 0.1474137931034483
4 0.8725 0.46096551724137935 0.20087500000000005 0.6939310344827586
1 0.8756 0.6388275862068965 0.21587500000000007 0.5263103448275862
0 0.48969999999999997 0.19013793103448276 0.05587500000000006 0.0873793103448276
4 0.490875 0.32089655172413795 0.1053 0.3448275862068966
1 0.49810000000000004 0.43365517241379314 0.105 0.2620344827586206
2 0.381325 0.18448275862068966 0.04204999999999998 0.07603448275862071
4 0.38677500000000004 0.2996206896551724 0.09704999999999998 0.30631034482758623
1 0.378525 0.41400000000000003 0.09234999999999999 0.22675862068965513
0 0.29765 0.14958620689655172 0.04234999999999999 0.0712068965517241
4 0.2928 0.26717241379310347 0.07087500000000002 0.3063448275862069
1 0.29235 0.3653103448275862 0.07882499999999996 0.2267931034482758