0 0.3969 0.22579505300353356 0.07912499999999995 0.1265017667844523
0 0.331475 0.26424028268551236 0.05704999999999998 0.09946996466431098
4 0.31177499999999997 0.4187985865724381 0.09412500000000001 0.4085865724381625
4 0.4194 0.43996466431095416 0.18 0.5590106007067137
1 0.43765 0.5773144876325088 0.2047 0.5468551236749116
0 0.611625 0.29166077738515905 0.06147499999999994 0.10445229681978799
4 0.61 0.4279505300353356 0.09060000000000003 0.37699646643109536
1 0.6294 0.5202120141342756 0.17647500000000008 0.3453356890459365
2 0.7806000000000001 0.2708833922261484 0.06705000000000012 0.11275618374558302
2 0.8456 0.2819081272084806 0.061775000000000094 0.11399293286219078
4 0.7744 0.37745583038869257 0.07235000000000014 0.32173144876325094
4 0.8735250000000001 0.48650176678445234 0.18234999999999985 0.5190812720848056
1 0.856625 0.6159717314487633 0.275 0.4662190812720848