0 0.767775 0.15492537313432836 0.10222499999999997 0.197089552238806
4 0.791675 0.46421641791044777 0.2166749999999999 0.8115298507462687
1 0.8002750000000001 0.6694029850746269 0.20610000000000014 0.6000373134328358
0 0.636675 0.19888059701492536 0.07332499999999996 0.16888059701492533
4 0.635275 0.43194029850746263 0.14277500000000004 0.6474253731343284
1 0.639725 0.5855223880597015 0.14055000000000006 0.5192537313432837
0 0.5384749999999999 0.18227611940298508 0.06305000000000006 0.13574626865671646
4 0.53625 0.39361940298507464 0.11417500000000004 0.5583582089552238
1 0.54055 0.5579477611940299 0.10332499999999996 0.3854104477611941
0 0.47945 0.20033582089552238 0.07 0.12619402985074624
4 0.4725 0.3782835820895522 0.07277500000000003 0.4862313432835821
0 0.34445 0.19865671641791047 0.05554999999999996 0.1063059701492537
4 0.3589 0.36917910447761193 0.10667500000000003 0.45141791044776125
1 0.3636 0.491865671641791 0.09944999999999997 0.33197761194029857
0 0.225825 0.20779850746268655 0.046099999999999995 0.09138059701492537
4 0.2293 0.3592164179104477 0.0836 0.39839552238805975
1 0.2332 0.451455223880597 0.08027500000000004 0.2967910447761194
0 0.131525 0.22272388059701492 0.04359999999999999 0.0880223880597015
4 0.14055 0.3573507462686567 0.08109999999999999 0.36563432835820886
1 0.1425 0.45044776119402985 0.07945 0.24914179104477605