0 0.475 0.21498127340823966 0.10555000000000007 0.2044569288389513
4 0.5091749999999999 0.4528838951310862 0.21277500000000005 0.6802247191011236
4 0.2725 0.49063670411985016 0.335 0.9812734082397003
1 0.30445 0.6999625468164794 0.453325 0.6000749063670413
1 0.5186 0.7116853932584271 0.24277500000000005 0.5319475655430713
0 0.708325 0.19378277153558054 0.09444999999999994 0.18696629213483146
4 0.717225 0.49674157303370786 0.256675 0.8053932584269662
1 0.7194499999999999 0.7370411985018727 0.27222499999999994 0.5244569288389515
0 0.9181999999999999 0.09872659176029962 0.1058250000000001 0.19745318352059923
4 0.925 0.47719101123595503 0.15 0.9543445692883895
1 0.92125 0.7059925093632958 0.1575 0.5880149812734082