2 0.899975 0.3717000000000001 0.0870750000000001 0.1635666666666667
4 0.9 0.6433333333333333 0.2 0.7133333333333334
1 0.901775 0.8275666666666667 0.19642500000000013 0.34483333333333327
2 0.7608 0.33133333333333337 0.062475000000000024 0.11106666666666665
4 0.7502249999999999 0.5818666666666666 0.12977499999999992 0.6121
1 0.7466750000000001 0.7525 0.1245750000000001 0.4125333333333333
2 0.706575 0.35836666666666667 0.04632499999999993 0.08566666666666663
2 0.5304 0.4005333333333333 0.05730000000000004 0.08540000000000002
4 0.5352 0.5655 0.10150000000000006 0.4153333333333333
1 0.53925 0.6625 0.11342500000000001 0.34016666666666673
2 0.420925 0.38016666666666665 0.036324999999999934 0.052333333333333294
4 0.4285 0.4828666666666667 0.06882500000000008 0.2629
1 0.4313 0.5661666666666666 0.07247500000000003 0.20903333333333327