2 0.077875 0.3472093023255814 0.09037499999999998 0.14527131782945732
4 0.11449999999999999 0.6026744186046512 0.161725 0.6591860465116279
2 0.525325 0.29891472868217056 0.05077500000000001 0.09639534883720932
4 0.51225 0.4791860465116279 0.15537499999999993 0.4628682170542636
1 0.5062 0.5972093023255814 0.195175 0.44848837209302317
2 0.6714749999999999 0.3066666666666667 0.043075000000000044 0.08806201550387596
4 0.666275 0.38934108527131783 0.10574999999999996 0.2563953488372093
1 0.656375 0.5467054263565891 0.16094999999999998 0.3683333333333333
2 0.819425 0.31829457364341085 0.07172500000000014 0.14108527131782947
2 0.87405 0.2548062015503876 0.07324999999999988 0.12744186046511627
4 0.80415 0.581046511627907 0.2546000000000001 0.6666666666666666
4 0.9172 0.4812403100775194 0.15767500000000012 0.5802713178294573
1 0.7978000000000001 0.7167054263565892 0.3457249999999999 0.5026356589147287