0 0.16874493927125506 0.20194202898550725 0.08010121457489877 0.14217391304347823
0 0.25751012145748986 0.213536231884058 0.08993927125506071 0.13223188405797104
4 0.14111336032388663 0.41402898550724637 0.21862348178137653 0.5622028985507246
4 0.27082995951417005 0.3233913043478261 0.11653846153846152 0.35611594202898555
1 0.1305668016194332 0.5642898550724638 0.25823886639676114 0.5894202898550726
0 0.4699190283400809 0.1539130434782609 0.10700404858299598 0.16205797101449276
4 0.45445344129554655 0.4419420289855072 0.2813765182186235 0.7381159420289856
1 0.4355060728744939 0.6513333333333333 0.46038461538461545 0.697304347826087
0 0.5430971659919028 0.1597101449275362 0.050890688259109286 0.10742028985507245
0 0.7932388663967611 0.13571014492753622 0.059574898785425 0.10910144927536232
4 0.7897570850202429 0.21765217391304348 0.13360323886639677 0.2729565217391305
1 0.7566599190283402 0.38736231884057964 0.1396761133603239 0.3473623188405798
0 0.9130971659919028 0.12907246376811596 0.12289473684210533 0.211768115942029
4 0.8997975708502024 0.4405797101449275 0.20040485829959515 0.8347826086956521
1 0.8340080971659919 0.6233913043478261 0.3319838056680162 0.7532173913043478
3 0.7870242914979757 0.5391014492753623 0.07894736842105263 0.06704347826086955