0 0.299175 0.12465201465201466 0.09277499999999997 0.13857142857142857
4 0.267225 0.28509157509157507 0.15667499999999998 0.45542124542124546
1 0.19195 0.46476190476190476 0.2561 0.3792307692307692
0 0.39722499999999994 0.16468864468864466 0.12777500000000003 0.2146153846153846
0 0.53055 0.16776556776556775 0.11667500000000004 0.1922710622710623
4 0.449025 0.4128205128205129 0.27305 0.7108791208791209
4 0.6059749999999999 0.5083882783882784 0.314725 0.893882783882784
1 0.483325 0.5763736263736263 0.666675 0.7123809523809522
0 0.76765 0.16959706959706958 0.07139999999999987 0.11047619047619046
4 0.79875 0.23468864468864467 0.13360000000000014 0.24062271062271062
0 0.88015 0.14256410256410257 0.0575 0.07670329670329669
4 0.894575 0.2838827838827839 0.10859999999999985 0.36347985347985357
1 0.8861 0.32582417582417583 0.1166749999999999 0.2112820512820513