0 0.1525 0.41720670391061454 0.11215000000000001 0.14326815642458102
4 0.1875 0.6078212290502794 0.28215 0.5244972067039108
1 0.18322499999999997 0.7506424581005587 0.31642499999999996 0.45899441340782116
0 0.36857500000000004 0.36435754189944136 0.08 0.08944134078212289
4 0.409275 0.5134916201117319 0.21857500000000002 0.38773743016759776
1 0.38732500000000003 0.58731843575419 0.2425 0.3677374301675977
0 0.543025 0.3585754189944134 0.06822500000000005 0.08187150837988827
4 0.565 0.46765363128491616 0.15857499999999994 0.3039944134078212
1 0.56285 0.5356703910614525 0.16857500000000009 0.2604748603351955
0 0.805725 0.2674022346368715 0.09715000000000003 0.11103351955307263
4 0.8344750000000001 0.4436871508379888 0.2510749999999999 0.46357541899441335
1 0.843575 0.5743296089385476 0.2585749999999999 0.425586592178771