2 0.5283 0.11918918918918919 0.10132499999999993 0.16845559845559846
4 0.5321 0.5154440154440154 0.3379000000000001 0.9691119691119691
1 0.545 0.5733590733590733 0.32685000000000003 0.8532818532818532
3 0.6306499999999999 0.6055212355212356 0.09027500000000004 0.07633204633204627
2 0.26105 0.3310810810810811 0.05895000000000003 0.10857142857142858
4 0.248675 0.5292664092664093 0.16579999999999998 0.505019305019305
1 0.2625 0.581081081081081 0.1592 0.4826254826254826
2 0.0521 0.3328957528957529 0.04105 0.09193050193050194
4 0.064475 0.48864864864864865 0.123675 0.40752895752895757
1 0.068425 0.577027027027027 0.13685 0.4094980694980695
2 0.7701250000000001 0.30972972972972973 0.053425000000000014 0.10250965250965255
4 0.797375 0.5247876447876447 0.1610499999999999 0.5366795366795367
1 0.7920999999999999 0.56992277992278 0.17367500000000008 0.48872586872586865
2 0.9205249999999999 0.3594980694980695 0.0410499999999999 0.06795366795366793
4 0.943425 0.5258301158301159 0.11314999999999997 0.4046332046332047
1 0.93625 0.5579150579150579 0.1275 0.3436293436293436