0 0.916675 0.43464419475655436 0.1 0.19430711610486895
1 0.83 0.7967041198501873 0.31555000000000005 0.40659176029962546
0 0.6391749999999999 0.323183520599251 0.09499999999999993 0.1710861423220974
1 0.5679249999999999 0.7582022471910113 0.255275 0.483558052434457
0 0.45542499999999997 0.3608239700374532 0.08027500000000004 0.15569288389513106
1 0.37929999999999997 0.7644569288389513 0.21695000000000003 0.4710861423220973
0 0.2864 0.4498501872659176 0.06722499999999997 0.12067415730337078
1 0.24082499999999998 0.7610112359550562 0.10945 0.34348314606741565
0 0.215 0.4912359550561798 0.052224999999999966 0.10775280898876403
0 0.152225 0.5492883895131087 0.03777499999999998 0.09483146067415728
0 0.017225 0.5336704119850187 0.03445 0.1094007490636704
0 0.098325 0.5415730337078651 0.052225 0.0835955056179775
4 0.02125 0.6404494382022472 0.0425 0.3146067415730337
4 0.07860000000000002 0.6576404494382022 0.08777499999999999 0.31985018726591774
4 0.13305 0.6777902621722847 0.06777500000000002 0.3560299625468165
1 0.0636 0.7624719101123596 0.06889999999999999 0.22992509363295874
4 0.19485 0.6345318352059924 0.07305 0.3859925093632959
4 0.2493 0.6401123595505618 0.1375 0.5012359550561797
4 0.3875 0.6184644194756554 0.21667500000000003 0.6576779026217229
4 0.57195 0.6117977528089888 0.24109999999999998 0.7275655430711612
4 0.83375 0.6685393258426966 0.2825 0.6629213483146067