2 0.13112500000000002 0.2964 0.057725000000000005 0.1192888888888889
4 0.136375 0.5160888888888889 0.11817500000000003 0.5586222222222222
1 0.11964999999999999 0.6808888888888889 0.14612500000000003 0.468
2 0.34409999999999996 0.2948 0.05182500000000001 0.11604444444444441
4 0.32705 0.5104 0.12227499999999995 0.5472888888888888
1 0.3209 0.6616888888888889 0.13272500000000004 0.37715555555555563
2 0.483175 0.31782222222222223 0.03909999999999997 0.08937777777777775
4 0.4783 0.48400000000000004 0.08159999999999996 0.4257333333333334
1 0.47362499999999996 0.6106222222222222 0.08362499999999998 0.3275111111111111
0 0.6042000000000001 0.3434666666666667 0.051599999999999965 0.12853333333333336
4 0.598175 0.5621333333333334 0.11454999999999999 0.5698666666666666
1 0.59625 0.7186666666666666 0.10387499999999995 0.38600000000000007
0 0.7241 0.3311555555555556 0.048174999999999954 0.10795555555555553
4 0.72955 0.5241777777777777 0.08637499999999988 0.4939555555555555
1 0.7252249999999999 0.6550666666666666 0.08227499999999992 0.33555555555555555
2 0.82215 0.3071111111111111 0.0375 0.0881777777777778
4 0.82455 0.4958666666666666 0.09455000000000012 0.46973333333333334
1 0.828175 0.6116444444444444 0.10182500000000004 0.32546666666666674