0 0.3895 0.55236 0.08900000000000005 0.18792
2 0.2 0.53036 0.08 0.15831999999999993
4 0.18987500000000002 0.7252000000000001 0.21225000000000002 0.5495999999999999
1 0.184 0.8462000000000001 0.20799999999999996 0.30759999999999993
4 0.3995 0.7282000000000001 0.259 0.5435999999999999
2 0.4465 0.5393600000000001 0.07299999999999997 0.16592
1 0.39387500000000003 0.8482000000000001 0.29025 0.3035999999999999
2 0.623 0.34624 0.06599999999999995 0.13964
4 0.634625 0.46556000000000003 0.19674999999999998 0.37432000000000004
2 0.6315 0.55496 0.07299999999999997 0.14111999999999994
4 0.6677500000000001 0.6716799999999999 0.2705 0.41935999999999996
1 0.6388750000000001 0.9002 0.24025000000000005 0.19959999999999992
2 0.0815 0.4598 0.04300000000000001 0.09479999999999995
4 0.081125 0.52376 0.12175000000000001 0.22272000000000003
1 0.0785 0.70708 0.157 0.3773599999999999
2 0.8395 0.53916 0.05900000000000006 0.12151999999999998
2 0.89575 0.55216 0.08650000000000006 0.15952
0 0.96125 0.6113200000000001 0.0775 0.21387999999999993
4 0.835125 0.67048 0.21775000000000005 0.3801600000000001
4 0.91875 0.7502000000000001 0.1625 0.4996