2 0.145275 0.2138022813688213 0.08 0.12661596958174903
2 0.426325 0.2594296577946768 0.07367499999999992 0.121787072243346
2 0.595275 0.26323193916349813 0.05367500000000007 0.10136882129277565
4 0.15355 0.538403041825095 0.26762499999999995 0.7798098859315589
1 0.16302499999999998 0.6596577946768061 0.31815000000000004 0.6620912547528517
4 0.39815 0.5161977186311787 0.14894999999999997 0.6353612167300381
1 0.436575 0.5956273764258555 0.3310499999999999 0.5341064638783268
4 0.606575 0.4356273764258555 0.11314999999999997 0.4541825095057034
1 0.65065 0.5486311787072243 0.256575 0.4520912547528518
2 0.7720999999999999 0.26501901140684414 0.05157499999999999 0.08498098859315587
4 0.787625 0.4358174904942966 0.11737500000000012 0.43456273764258563
1 0.813025 0.4920532319391635 0.21814999999999998 0.3349049429657794
2 0.8371 0.258212927756654 0.04789999999999992 0.07939163498098857
4 0.84 0.3076045627376426 0.09052500000000009 0.18216730038022813
1 0.9092 0.46444866920152095 0.1394749999999999 0.31969581749049425