2 0.1875 0.29636734693877553 0.075 0.13477551020408168
4 0.177875 0.5441632653061225 0.15825 0.6344489795918368
1 0.173125 0.7326938775510203 0.18375 0.4727755102040816
2 0.439 0.27922448979591835 0.06799999999999998 0.14946938775510205
4 0.4365 0.5419183673469388 0.15299999999999997 0.6748571428571427
1 0.43325 0.7257959183673469 0.16150000000000006 0.45073469387755105
0 0.7005 0.30351020408163265 0.07099999999999994 0.1368163265306123
4 0.688 0.5678367346938775 0.14599999999999994 0.6654693877551019
1 0.6821250000000001 0.7300816326530613 0.16175000000000003 0.4388979591836734
0 0.8440000000000001 0.3508571428571428 0.07800000000000011 0.1498367346938776
4 0.84425 0.5588571428571428 0.15349999999999994 0.5659183673469389
1 0.8427500000000001 0.7239183673469388 0.16050000000000011 0.467469387755102