0 0.1760666666666667 0.36626666666666663 0.17030000000000003 0.2670666666666667
0 0.05803333333333333 0.3218666666666667 0.07666666666666666 0.1136
4 0.15863333333333335 0.6137777777777778 0.31425000000000003 0.7702000000000001
0 0.35574999999999996 0.3279111111111111 0.09939999999999997 0.1661111111111111
4 0.3712166666666666 0.5877333333333333 0.16059999999999997 0.6898222222222223
0 0.4171166666666667 0.3238666666666667 0.07363333333333334 0.1418888888888889
1 0.18711666666666665 0.7729333333333334 0.37121666666666664 0.4541333333333334
0 0.5909166666666666 0.32991111111111115 0.13333333333333333 0.2428666666666667
4 0.55075 0.4960666666666666 0.3227333333333333 0.5792222222222222
1 0.5362166666666667 0.7385777777777778 0.3784833333333334 0.5228222222222222
3 0.5280333333333334 0.8499777777777778 0.15 0.04259999999999991
0 0.8384833333333332 0.3278888888888889 0.16181666666666672 0.2468888888888889
4 0.8047 0.6006444444444445 0.3215166666666666 0.7964444444444444
1 0.7684833333333333 0.749688888888889 0.4157499999999999 0.5005999999999999
3 0.6759166666666667 0.924911111111111 0.14273333333333332 0.0510222222222223