0 0.34555 0.07771535580524344 0.08 0.1462921348314607
4 0.35222499999999995 0.3804868913857678 0.18222499999999997 0.7517977528089886
1 0.34945 0.566067415730337 0.18777500000000003 0.5070786516853932
0 0.229725 0.2636704119850187 0.09832500000000004 0.17696629213483145
4 0.198325 0.49033707865168535 0.20777499999999996 0.6385767790262172
1 0.19445 0.6517602996254682 0.2 0.4620973782771535
0 0.62235 0.17153558052434456 0.08640000000000007 0.1549812734082397
4 0.6219499999999999 0.4264794007490637 0.18277499999999997 0.6731460674157304
1 0.6158250000000001 0.5789513108614233 0.17054999999999992 0.49127340823970045
0 0.7432 0.31816479400749065 0.0891749999999999 0.17775280898876408
4 0.7672249999999999 0.5352808988764044 0.16777500000000004 0.6119475655430711
1 0.7611 0.6688389513108615 0.2 0.4546067415730337