0 0.32612980769230765 0.13088942307692308 0.0993509615384615 0.16485576923076925
0 0.43490384615384614 0.09504807692307694 0.09656250000000004 0.13723557692307695
4 0.2892548076923077 0.40795673076923084 0.21795673076923075 0.735
4 0.45112980769230765 0.3687259615384615 0.14103365384615388 0.6885576923076925
1 0.2668269230769231 0.6310817307692307 0.3974278846153847 0.6123076923076923
0 0.6458413461538461 0.17754807692307692 0.1137740384615385 0.19004807692307693
0 0.7223557692307693 0.10526442307692307 0.11459134615384606 0.145625
4 0.6284134615384616 0.5182932692307692 0.28324519230769235 0.8635096153846155
4 0.7489903846153846 0.42336538461538464 0.1798798076923078 0.7938701923076923
1 0.6328125 0.6574519230769231 0.42829326923076916 0.6850961538461539
3 0.49598557692307693 0.6618028846153846 0.08653846153846154 0.0447596153846154
3 0.15485576923076924 0.5504567307692307 0.0733173076923077 0.046418269230769235