0 0.0915 0.24664 0.07300000000000001 0.15652
4 0.091625 0.54428 0.18075 0.7509600000000001
1 0.09050000000000001 0.7382000000000001 0.18100000000000002 0.5236
0 0.44237499999999996 0.26583999999999997 0.07724999999999994 0.14691999999999997
4 0.4465 0.50468 0.15299999999999997 0.6286
1 0.4465 0.6506799999999999 0.15299999999999997 0.46456
0 0.552 0.20328 0.04400000000000006 0.08975999999999999
4 0.559375 0.3222 0.08125 0.3316
1 0.5535 0.44136000000000003 0.06700000000000003 0.28196000000000004
0 0.653375 0.21308 0.049250000000000044 0.10535999999999998
4 0.65275 0.39036000000000004 0.11050000000000004 0.46392000000000005
1 0.6471250000000001 0.50616 0.11175000000000004 0.33148000000000005
0 0.789125 0.18368 0.035749999999999886 0.09056
4 0.7895 0.32639999999999997 0.08900000000000005 0.368
0 0.7465 0.17868 0.043000000000000115 0.08456
4 0.7384999999999999 0.24883999999999998 0.056999999999999884 0.22887999999999997
1 0.7851250000000001 0.4142 0.08775000000000005 0.2755600000000001