0 0.519575 0.2971153846153846 0.0475 0.10466346153846155
4 0.5232249999999999 0.5375480769230769 0.106875 0.5815384615384614
1 0.524175 0.7012019230769231 0.10667500000000003 0.3599519230769231
0 0.64145 0.3560096153846154 0.045424999999999965 0.0862019230769231
4 0.6476999999999999 0.5713942307692308 0.09125 0.5170192307692308
1 0.649075 0.6887980769230769 0.091875 0.343125
0 0.90385 0.2706730769230769 0.0639500000000001 0.1159134615384615
4 0.90595 0.5675961538461538 0.1347999999999999 0.7136538461538462
1 0.9035500000000001 0.7636538461538461 0.1279249999999999 0.45283653846153843
0 0.865525 0.2817307692307693 0.037299999999999896 0.07783653846153848
4 0.84405 0.5183173076923077 0.0902000000000001 0.5590865384615386
1 0.8466750000000001 0.7151923076923077 0.0933250000000001 0.41197115384615385