0 0.7464 0.2587707641196013 0.08969999999999999 0.14295681063122925
1 0.19625 0.6516943521594685 0.1425 0.293421926910299
0 0.878275 0.3822923588039867 0.05344999999999999 0.0785382059800664
0 0.188125 0.4210963455149502 0.05125 0.07727574750830561
1 0.880475 0.6134883720930232 0.126575 0.2834883720930232
0 0.4114 0.223687707641196 0.0822 0.14338870431893685
1 0.4075 0.6682724252491694 0.19 0.4428571428571429
4 0.41225 0.4988704318936877 0.1525 0.6854485049833887
4 0.7280249999999999 0.5001328903654485 0.16845 0.6132225913621262
4 0.20445 0.5412624584717608 0.118125 0.30514950166112953
4 0.88615 0.5288039867109634 0.12219999999999999 0.36328903654485045
1 0.7249 0.6342524916943522 0.1997 0.44126245847176077