0 0.07733333333333332 0.3466875 0.056888888888888885 0.10506250000000002
4 0.06606666666666666 0.4805625 0.12917777777777778 0.37696874999999996
1 0.059555555555555556 0.5830625 0.11615555555555557 0.26528124999999997
0 0.30193333333333333 0.2700625 0.07940000000000001 0.15175
4 0.3171777777777778 0.47721875 0.2195555555555556 0.5702499999999999
1 0.31733333333333336 0.6640312500000001 0.22873333333333334 0.45640624999999996
0 0.5004444444444445 0.28940625 0.07348888888888887 0.13634374999999999
4 0.5035555555555555 0.48243749999999996 0.15971111111111105 0.5265000000000001
1 0.5145111111111111 0.6192812499999999 0.1757111111111111 0.39606249999999993
0 0.8389555555555555 0.24528124999999998 0.08384444444444449 0.13137499999999996
4 0.84 0.43265624999999996 0.16237777777777765 0.5061250000000002
1 0.8426666666666667 0.5795 0.18311111111111106 0.42896874999999995