0 0.51 0.21988235294117647 0.05157499999999999 0.09219607843137256
0 0.8029000000000001 0.26815686274509803 0.07419999999999988 0.11447058823529412
0 0.390525 0.21556862745098038 0.04420000000000002 0.07117647058823531
0 0.30685 0.22999999999999998 0.055800000000000016 0.10827450980392157
0 0.26789999999999997 0.2372156862745098 0.04105000000000004 0.06082352941176473
4 0.304725 0.42223529411764704 0.13580000000000003 0.4762745098039216
1 0.28315 0.6283529411764706 0.18737500000000004 0.46333333333333343
4 0.49670000000000003 0.3638823529411765 0.11185000000000002 0.3718823529411765
1 0.46592500000000003 0.518 0.19237499999999996 0.3045490196078432
4 0.795925 0.4494901960784314 0.19972499999999996 0.4812156862745097
1 0.7635500000000001 0.6151764705882353 0.29814999999999997 0.28839215686274516
0 0.061325000000000005 0.20709803921568629 0.043675 0.09137254901960785
4 0.06684999999999999 0.3850980392156863 0.12315 0.45152941176470596
1 0.06814999999999999 0.5396470588235295 0.13105 0.3602352941176471