0 0.410775 0.21664451827242523 0.08092500000000001 0.1376079734219269
0 0.18735 0.42006644518272424 0.052800000000000014 0.07933554817275747
4 0.205 0.533156146179402 0.1225 0.28478405315614613
1 0.2014 0.6564784053156146 0.13717500000000002 0.27388704318936874
0 0.747025 0.2552491694352159 0.07844999999999999 0.14006644518272424
0 0.88125 0.3818936877076412 0.0625 0.06940199335548178
4 0.88515 0.5200664451827243 0.11719999999999998 0.35411960132890363
1 0.88625 0.6155813953488372 0.135 0.2627242524916943
4 0.7325 0.4978405315614618 0.19 0.621063122923588
1 0.7429749999999999 0.628405315614618 0.22655 0.46282392026578073
4 0.403125 0.49720930232558136 0.14375 0.682093023255814
1 0.404525 0.66578073089701 0.180925 0.4710963455149502