0 0.251175 0.1502702702702703 0.09972499999999997 0.17776061776061772
0 0.444075 0.1977992277992278 0.08027500000000004 0.13467181467181472
0 0.538825 0.2303088803088803 0.12237499999999997 0.19965250965250964
0 0.802225 0.14335907335907336 0.10710000000000008 0.1720849420849421
0 0.7619750000000001 0.07023166023166022 0.095 0.1396138996138996
4 0.23552499999999998 0.4950965250965251 0.28684999999999994 0.8593050193050193
1 0.23579999999999998 0.587953667953668 0.2821 0.7158301158301159
3 0.23222500000000001 0.513088803088803 0.10395000000000003 0.033706563706563775
4 0.527625 0.5552123552123552 0.31315 0.8495366795366794
3 0.522625 0.5878378378378378 0.10842500000000001 0.03691119691119692
1 0.5257999999999999 0.6283783783783784 0.2936750000000001 0.7357142857142857
3 0.8371 0.44362934362934364 0.09 0.032934362934362936
4 0.806325 0.49386100386100384 0.254725 0.8650193050193051
1 0.810925 0.6375289575289576 0.3086750000000001 0.6199227799227799