2 0.47795000000000004 0.09484444444444444 0.08772500000000008 0.17675555555555558
4 0.44272500000000004 0.45057777777777774 0.29455 0.896311111111111
0 0.042050000000000004 0.08231111111111111 0.07955000000000001 0.15982222222222223
4 0.07 0.36257777777777783 0.14 0.7202666666666667
1 0.097725 0.5269777777777778 0.19545 0.6208
1 0.43772500000000003 0.6688888888888889 0.30455 0.6622222222222223
0 0.6308 0.05062222222222223 0.05477499999999999 0.10044444444444445
4 0.64045 0.2369777777777778 0.14455000000000007 0.4739555555555556
1 0.620575 0.39653333333333335 0.12977500000000006 0.5457333333333334
0 0.7625 0.07991111111111111 0.075 0.13879999999999998
2 0.810125 0.07586666666666667 0.05432500000000005 0.13071111111111108
4 0.7631749999999999 0.314088888888889 0.15362500000000012 0.6072000000000001
4 0.8547750000000001 0.2872444444444444 0.13227499999999992 0.5575555555555555
1 0.7302249999999999 0.4368888888888889 0.24682500000000004 0.6426666666666666