0 0.26802499999999996 0.298078431372549 0.08079999999999998 0.2031764705882353
4 0.265525 0.5472549019607844 0.22052500000000003 0.6849803921568626
1 0.2717 0.7078039215686275 0.193425 0.5355294117647059
0 0.508425 0.20709803921568629 0.08 0.15741176470588233
4 0.531325 0.42305882352941176 0.17314999999999997 0.5769411764705883
1 0.525 0.6003137254901961 0.15 0.440235294117647
0 0.7742 0.1736470588235294 0.07472499999999997 0.131843137254902
4 0.772625 0.3873725490196078 0.13472499999999996 0.5592156862745097
1 0.770275 0.5425490196078431 0.12472499999999996 0.3907843137254903
0 0.2046 0.21533333333333332 0.075 0.14090196078431375
0 0.88145 0.2227843137254902 0.07080000000000013 0.13925490196078427
4 0.8885500000000001 0.38262745098039214 0.12185000000000003 0.4630980392156863
1 0.8870999999999999 0.525607843137255 0.12685000000000002 0.3981960784313726