0 0.7339 0.15610486891385766 0.16777500000000004 0.31220973782771533
4 0.7089 0.5 0.3510999999999999 1
1 0.7339 0.8528838951310861 0.39 0.2942322097378277
0 0.43 0.22411985018726593 0.12667500000000004 0.2726591760299626
4 0.4389 0.5202621722846442 0.23332499999999995 0.864868913857678
1 0.43125 0.7621722846441947 0.2225 0.4756554307116105
0 0.16945 0.2551310861423221 0.11667500000000003 0.23063670411985016
4 0.16 0.5692883895131086 0.22 0.8614232209737828
1 0.16055 0.7707116104868914 0.2211 0.45857677902621724
0 0.02445 0.19168539325842696 0.0489 0.1911610486891386
4 0.04389999999999999 0.5343820224719101 0.08777499999999999 0.8598876404494383
0 0.27390000000000003 0.15925093632958803 0.10332499999999996 0.19284644194756553
4 0.28015 0.48779026217228466 0.1464 0.8499250936329589
1 0.285425 0.7353183520599251 0.14027499999999996 0.5293258426966292