0 0.1164 0.24682051282051284 0.04879999999999999 0.11538461538461539
4 0.1059 0.47312820512820514 0.16579999999999998 0.5680512820512821
4 0.2466 0.48010256410256413 0.1404 0.6393846153846154
4 0.46259999999999996 0.4858461538461538 0.1772 0.6344615384615384
4 0.6968000000000001 0.4878974358974359 0.16960000000000008 0.696
4 0.5997 0.4391282051282051 0.06939999999999998 0.47538461538461535
4 0.341 0.3390769230769231 0.07 0.20969230769230765
1 0.46549999999999997 0.5937435897435898 0.165 0.4482051282051283
0 0.2581 0.2277435897435897 0.0582 0.1306153846153846
0 0.3256 0.2874358974358974 0.04319999999999997 0.10635897435897437
0 0.4522 0.24271794871794872 0.060400000000000065 0.13999999999999999
0 0.6666 0.2181025641025641 0.06520000000000004 0.15646153846153849
0 0.5106 0.3079487179487179 0.049200000000000015 0.11456410256410259
0 0.6112 0.26507692307692304 0.046400000000000004 0.11497435897435898
0 0.7512000000000001 0.30302564102564106 0.054399999999999976 0.10471794871794876
1 0.6999 0.6091282051282051 0.21080000000000004 0.4994871794871796
1 0.10779999999999999 0.5687179487179488 0.1566 0.3735897435897435
1 0.2493 0.5900512820512821 0.1536 0.449025641025641
1 0.34490000000000004 0.5701538461538462 0.09679999999999996 0.38056410256410245
0 0.8431000000000001 0.2909230769230769 0.049199999999999876 0.10923076923076921
4 0.852 0.3517948717948718 0.08099999999999995 0.22687179487179493
1 0.8918 0.5947692307692308 0.2046000000000001 0.42974358974358967