4 0.17076 0.44853723404255313 0.33846000000000004 0.7898936170212766
1 0.14124 0.5972340425531915 0.27938 0.7149468085106384
4 0.27816 0.28007978723404253 0.11629999999999999 0.37114361702127663
1 0.27708 0.3921808510638298 0.09875999999999999 0.300718085106383
4 0.38892000000000004 0.3606382978723404 0.17538 0.5731382978723404
1 0.4003 0.4665957446808511 0.19446000000000005 0.41683510638297877
4 0.506 0.29829787234042554 0.10124000000000001 0.3379787234042553
1 0.50984 0.3811170212765958 0.10584000000000003 0.3031648936170213
0 0.1697 0.1283776595744681 0.09938 0.1577127659574468
0 0.26245999999999997 0.1498404255319149 0.06646 0.0983776595744681
0 0.41108 0.1361436170212766 0.08675999999999999 0.1159840425531915
0 0.49324 0.16702127659574467 0.06029999999999996 0.08364361702127658
0 0.61138 0.17827127659574468 0.07507999999999992 0.11023936170212764
4 0.6263 0.36045212765957446 0.17570000000000005 0.47867021276595734
1 0.6313799999999999 0.44204787234042553 0.18275999999999998 0.38412234042553195
0 0.8 0.19361702127659575 0.10153999999999996 0.14500000000000002
4 0.79908 0.39457446808510643 0.2658399999999999 0.5510372340425532
1 0.8202999999999999 0.628563829787234 0.31446 0.5443351063829788