0 0.18145748987854252 0.12000000000000002 0.11712550607287447 0.1837950138504155
4 0.19779352226720642 0.4243213296398892 0.29728744939271257 0.796398891966759
1 0.21862348178137653 0.6191135734072022 0.4331983805668016 0.7617728531855956
0 0.5323886639676113 0.07509695290858726 0.05842105263157898 0.09005540166204984
4 0.5345546558704454 0.20878116343490305 0.15817813765182184 0.35742382271468137
0 0.5488663967611336 0.038919667590027705 0.06246963562753039 0.0770360110803324
4 0.5740283400809717 0.17022160664819946 0.09542510121457487 0.33963988919667587
1 0.5313765182186235 0.32351800554016624 0.180748987854251 0.31778393351800555
0 0.8060931174089069 0.05869806094182825 0.10554655870445341 0.11659279778393353
4 0.7936639676113361 0.30387811634349027 0.2715384615384615 0.6069806094182826
1 0.7938056680161943 0.46745152354570635 0.2805060728744938 0.653157894736842
4 0.9431781376518219 0.26041551246537403 0.11364372469635625 0.3775623268698061
4 0.9496761133603239 0.08063711911357341 0.10062753036437254 0.16127423822714682