0 0.51935 0.523532110091743 0.05174999999999997 0.10885321100917426
4 0.52 0.6534862385321101 0.11825000000000002 0.3687614678899082
1 0.518375 0.758348623853211 0.13022499999999992 0.3950000000000001
2 0.305 0.5199082568807339 0.04042500000000004 0.0777522935779816
4 0.304775 0.6628440366972477 0.11392499999999998 0.3595871559633027
1 0.30435 0.7671100917431192 0.13042499999999996 0.38064220183486247
0 0.193475 0.5117431192660551 0.047824999999999986 0.08133027522935775
4 0.18815 0.6506880733944954 0.10892499999999998 0.35518348623853213
1 0.184125 0.768532110091743 0.11174999999999999 0.30766055045871554
3 0.2937 0.7444495412844037 0.035225000000000006 0.040137614678899085
0 0.67305 0.5344954128440367 0.033050000000000065 0.07096330275229357
0 0.7337 0.5302752293577981 0.036949999999999934 0.08252293577981655
2 0.5975 0.5380733944954128 0.045 0.07013761467889905
3 0.5049 0.7380733944954129 0.04239999999999995 0.027385321100917556
3 0.74185 0.6973853211009174 0.029350000000000022 0.02577981651376149
4 0.7462000000000001 0.6347247706422019 0.08152500000000003 0.2914220183486238
1 0.74175 0.731834862385321 0.1095750000000001 0.2981192660550459
0 0.855425 0.5532110091743119 0.036949999999999934 0.0685321100917431
4 0.86565 0.6660550458715596 0.0704249999999999 0.28619266055045867
1 0.8528249999999999 0.7204587155963302 0.08392500000000012 0.24747706422018342
4 0.6051 0.6658256880733945 0.08195000000000008 0.30573394495412853
1 0.60185 0.7392201834862385 0.08847499999999997 0.30889908256880727
4 0.6762 0.6261467889908257 0.0545750000000001 0.2383944954128441
1 0.66935 0.7256422018348624 0.06477499999999999 0.26582568807339446
2 0.8122750000000001 0.5558256880733945 0.02240000000000009 0.05380733944954124
3 0.60195 0.7081651376146789 0.03435000000000002 0.023394495412844142
3 0.66565 0.6985779816513761 0.03564999999999998 0.020229357798165253