2 0.3223076923076923 0.14863333333333334 0.11396011396011396 0.17143333333333335
2 0.1306837606837607 0.13093333333333335 0.12962962962962965 0.17350000000000002
2 0.1387179487179487 0.2931666666666667 0.11358974358974361 0.1355
2 0.39584045584045585 0.2867 0.11504273504273503 0.15176666666666666
4 0.1662962962962963 0.4707 0.2863247863247863 0.8531
4 0.34917378917378916 0.44926666666666665 0.27102564102564103 0.7727
4 0.43626780626780626 0.3920666666666667 0.19943019943019943 0.3708
4 0.16826210826210827 0.45370000000000005 0.1656125356125356 0.46073333333333344
1 0.3547008547008547 0.6966666666666667 0.6638176638176638 0.6066666666666667
2 0.4854131054131054 0.0647 0.09829059829059829 0.1294
2 0.607008547008547 0.0649 0.11717948717948716 0.12896666666666665
4 0.4576353276353276 0.16483333333333333 0.17094017094017094 0.32886666666666664
4 0.6752136752136753 0.3203666666666667 0.3710826210826211 0.6407333333333334
1 0.7288034188034188 0.4672 0.5423931623931624 0.5502666666666666