2 0.12025000000000001 0.3293162393162393 0.06427499999999998 0.11645299145299146
4 0.12285 0.5276068376068376 0.18857500000000002 0.500854700854701
1 0.121675 0.6645299145299145 0.18142499999999998 0.4287606837606837
2 0.354525 0.2064102564102564 0.06620000000000005 0.1311965811965812
2 0.40880000000000005 0.19440170940170942 0.07 0.13568376068376067
4 0.4294 0.4478205128205129 0.21357500000000001 0.6506410256410257
4 0.33392499999999997 0.4453846153846154 0.11310000000000002 0.596923076923077
1 0.417975 0.6591880341880342 0.26689999999999997 0.5564957264957267
2 0.718325 0.1728632478632479 0.06047500000000014 0.14952991452991457
2 0.766675 0.18341880341880343 0.0666749999999999 0.1381196581196581
4 0.8212 0.4445726495726496 0.2376249999999999 0.6766666666666665
4 0.687625 0.43277777777777776 0.11810000000000002 0.6449145299145299
1 0.790475 0.6404700854700854 0.3523749999999999 0.5516239316239318