0 0.31567500000000004 0.20724867724867727 0.04095000000000002 0.10026455026455028
0 0.389525 0.2747619047619047 0.073275 0.1539153439153439
0 0.5672999999999999 0.20761904761904762 0.05769999999999996 0.14179894179894179
0 0.686825 0.19973544973544974 0.0525 0.12185185185185186
4 0.325375 0.34291005291005294 0.08155000000000001 0.37566137566137564
4 0.386725 0.4976719576719577 0.16192499999999996 0.5997354497354498
1 0.412875 0.6927513227513228 0.29885000000000006 0.5544444444444445
4 0.551925 0.4948148148148148 0.14230000000000004 0.7160846560846561
1 0.594325 0.5878306878306878 0.286725 0.4910582010582011
4 0.6978 0.45068783068783075 0.17057500000000003 0.631904761904762
1 0.7396250000000001 0.5969841269841271 0.27922500000000006 0.44015873015873025