0 0.212925 0.3144194756554307 0.07859999999999999 0.14531835205992502
4 0.19792500000000002 0.4986516853932584 0.17082500000000003 0.5220973782771535
1 0.1864 0.6449063670411985 0.16722499999999996 0.3859550561797753
2 0.3932 0.19835205992509364 0.06695000000000008 0.12123595505617973
4 0.37542499999999995 0.40089887640449445 0.13140000000000002 0.5346441947565543
1 0.38055 0.5531835205992509 0.15 0.4064044943820224
0 0.562225 0.2840823970037453 0.08 0.14284644194756552
4 0.552775 0.4772284644194756 0.1611 0.5250187265917603
1 0.55485 0.6474157303370787 0.19027500000000003 0.47415730337078654
0 0.7583249999999999 0.12265917602996254 0.08332500000000011 0.15292134831460674
4 0.7711 0.36842696629213484 0.17555000000000007 0.652808988764045
1 0.77445 0.5905992509363296 0.18222499999999997 0.4812734082397004