0 0.30945 0.32333333333333336 0.06185000000000002 0.10753968253968252
4 0.29247500000000004 0.5043253968253968 0.16905000000000003 0.469563492063492
1 0.287825 0.5932936507936507 0.16275000000000003 0.46880952380952373
0 0.50215 0.3591666666666667 0.05239999999999995 0.10059523809523807
4 0.49472499999999997 0.5144444444444444 0.13212500000000005 0.4111904761904762
2 0.537675 0.37642857142857145 0.04385000000000005 0.08511904761904758
1 0.49945 0.5941666666666666 0.14909999999999995 0.38706349206349216
0 0.568075 0.38027777777777777 0.04159999999999996 0.09753968253968259
0 0.73075 0.4117063492063492 0.04414999999999992 0.0841666666666667
4 0.581425 0.5096031746031745 0.06530000000000001 0.3514285714285714
4 0.7202500000000001 0.5348412698412699 0.11319999999999993 0.32567460317460317
1 0.7219 0.598452380952381 0.11952499999999987 0.30511904761904757
0 0.8339 0.4311507936507937 0.03482499999999988 0.06817460317460321
4 0.8338249999999999 0.5548809523809525 0.08662499999999994 0.318015873015873
1 0.8306749999999999 0.5932539682539683 0.11335000000000008 0.256547619047619