0 0.2504 0.15166023166023165 0.10342500000000002 0.18467181467181468
4 0.236325 0.4952895752895753 0.27685000000000004 0.8718918918918919
1 0.23315000000000002 0.5924324324324324 0.266325 0.7328957528957528
0 0.44420000000000004 0.2037065637065637 0.07790000000000007 0.14239382239382242
0 0.5354 0.23274131274131274 0.11027500000000004 0.2045173745173745
4 0.4096 0.5068725868725868 0.13237499999999996 0.7609652509652509
4 0.5219750000000001 0.550965250965251 0.30972500000000003 0.845057915057915
1 0.5279 0.6273745173745174 0.29790000000000005 0.7215057915057915
0 0.8017 0.1532818532818533 0.1060499999999999 0.1879150579150579
0 0.763425 0.0749034749034749 0.10052500000000009 0.14976833976833978
4 0.80315 0.49833976833976834 0.2526249999999999 0.882046332046332
1 0.8154 0.6395752895752896 0.2955250000000001 0.6158687258687259