0 0.16026442307692307 0.32014423076923076 0.05608173076923078 0.09062499999999997
2 0.32132211538461536 0.31954326923076926 0.07372596153846157 0.08543269230769232
2 0.4807692307692308 0.3019230769230769 0.05608173076923073 0.08223557692307691
2 0.6257932692307692 0.2883173076923077 0.057692307692307696 0.08704326923076922
2 0.8277163461538461 0.303125 0.060889423076923174 0.09264423076923078
1 0.17709134615384617 0.6589423076923077 0.15384615384615385 0.38360576923076933
1 0.3313221153846154 0.6659615384615385 0.14983173076923073 0.3535576923076924
4 0.16665865384615383 0.5025240384615385 0.1169951923076923 0.44336538461538455
4 0.31930288461538464 0.5401682692307692 0.10978365384615388 0.5506730769230769
4 0.49319711538461536 0.5019230769230769 0.15305288461538466 0.4862259615384615
4 0.6392307692307693 0.5263461538461539 0.1045673076923077 0.5591105769230769
1 0.6464423076923077 0.6371153846153846 0.13502403846153843 0.3760096153846153
4 0.8293269230769231 0.5289423076923077 0.14423076923076922 0.5442788461538461
1 0.8325240384615384 0.6375240384615384 0.16665865384615394 0.3687980769230768
1 0.48057692307692307 0.6489423076923077 0.171875 0.35555288461538453