2 0.18776442307692306 0.42560096153846155 0.06055288461538461 0.08223557692307687
0 0.3990144230769231 0.4097355769230769 0.05947115384615387 0.07492788461538466
2 0.5970913461538461 0.42235576923076923 0.04562500000000004 0.06487980769230771
2 0.7352884615384615 0.40064903846153843 0.045072115384615384 0.054038461538461584
4 0.19346153846153846 0.6029326923076923 0.2185817307692308 0.43961538461538463
1 0.175 0.678076923076923 0.2250961538461539 0.4677403846153847
4 0.41420673076923076 0.5377644230769231 0.13331730769230765 0.33374999999999994
1 0.41516826923076927 0.6417067307692308 0.17052884615384614 0.3733173076923078
4 0.6019711538461537 0.5304326923076923 0.08798076923076922 0.28110576923076924
1 0.6454086538461539 0.6330288461538461 0.24002403846153852 0.30165865384615387
4 0.7594711538461538 0.47887019230769234 0.12055288461538456 0.21055288461538454
1 0.7932692307692307 0.5982932692307692 0.21802884615384627 0.2756249999999999