0 0.22555 0.28468164794007494 0.08445 0.11494382022471909
0 0.32484999999999997 0.3506367041198502 0.09694999999999997 0.14277153558052436
4 0.2189 0.48951310861423214 0.10445 0.5204494382022473
4 0.3075 0.6385767790262172 0.165 0.7228464419475655
1 0.268325 0.704119850187266 0.52555 0.5917602996254682
0 0.5236 0.3032209737827715 0.075 0.0979026217228465
4 0.5234749999999999 0.4999250936329588 0.09972499999999997 0.48299625468164786
1 0.515825 0.5203370786516854 0.2261 0.3490262172284644
0 0.6744499999999999 0.26681647940074904 0.03777500000000003 0.054232209737827705
0 0.745825 0.3032209737827715 0.075 0.11453183520599255
4 0.7475 0.5525468164794007 0.1116749999999999 0.6007116104868914
1 0.71235 0.628876404494382 0.2775 0.45794007490636696
0 0.7975 0.2743071161048689 0.045 0.0692134831460674
0 0.9530500000000001 0.30902621722846446 0.056100000000000136 0.07625468164794003
3 0.8827750000000001 0.5122846441947566 0.05444999999999993 0.02910112359550555
4 0.959025 0.48142322097378276 0.08194999999999993 0.4168539325842697
1 0.9257 0.539063670411985 0.14860000000000015 0.3448689138576778