0 0.08015 0.22551111111111108 0.09060000000000001 0.15124444444444443
0 0.14273333333333332 0.22693333333333335 0.10363333333333334 0.1581111111111111
4 0.09848333333333334 0.4554666666666667 0.19696666666666668 0.6151777777777777
4 0.1644 0.29860000000000003 0.12575000000000003 0.305488888888889
1 0.09863333333333334 0.6493555555555555 0.19425 0.6473777777777779
0 0.30666666666666664 0.1671333333333333 0.1587833333333333 0.2486222222222222
0 0.4172666666666667 0.14391111111111113 0.13151666666666662 0.21428888888888892
4 0.3153 0.5204 0.4033333333333333 0.9591999999999999
4 0.4728833333333334 0.5071111111111111 0.2336333333333334 0.9447555555555556
1 0.31083333333333335 0.63 0.49166666666666664 0.74
0 0.6412166666666667 0.13422222222222221 0.11273333333333331 0.1949111111111111
4 0.6865166666666667 0.4396888888888889 0.30333333333333334 0.8017999999999998
1 0.6612166666666667 0.6184222222222223 0.28606666666666664 0.7512000000000002
3 0.2540833333333333 0.7209333333333333 0.1112166666666667 0.07135555555555559
3 0.6340833333333333 0.5908666666666667 0.08333333333333333 0.06982222222222219
0 0.9651500000000001 0.15362222222222222 0.06969999999999989 0.12057777777777776
4 0.9590833333333334 0.23497777777777773 0.08181666666666652 0.2873555555555556
1 0.95985 0.4643777777777778 0.08030000000000011 0.4229111111111111
0 0.8410666666666666 0.1748222222222222 0.054850000000000045 0.1266222222222222
0 0.8678833333333333 0.17322222222222222 0.05696666666666668 0.1234
1 0.8554499999999999 0.5017333333333334 0.1715166666666667 0.525888888888889
4 0.8809166666666666 0.39671111111111107 0.12544999999999998 0.5744222222222223
4 0.9060666666666667 0.3726888888888889 0.13333333333333333 0.5223333333333333