0 0.2932 0.27303370786516856 0.1114 0.21149812734082396
0 0.077775 0.3356554307116105 0.077775 0.17940074906367043
4 0.077225 0.6229588014981274 0.15445 0.7540449438202247
1 0.0675 0.7940074906367042 0.135 0.41198501872659177
4 0.291675 0.5814232209737829 0.21667499999999998 0.829063670411985
1 0.285 0.8033707865168539 0.205 0.39325842696629215
0 0.41972499999999996 0.2861423220973783 0.09609999999999999 0.21520599250936331
4 0.44984999999999997 0.5896629213483146 0.14694999999999994 0.8206367041198502
1 0.4375 0.7988014981273408 0.15832499999999997 0.40239700374531834
0 0.662225 0.2411985018726592 0.12444999999999994 0.24853932584269667
4 0.6206999999999999 0.5584644194756555 0.22749999999999992 0.883071161048689
1 0.6175 0.7800749063670412 0.19610000000000005 0.43985018726591757
0 0.8494499999999999 0.27449438202247195 0.13222499999999995 0.26513108614232206
4 0.7881999999999999 0.5688764044943819 0.3125 0.862247191011236
1 0.7993000000000001 0.7935955056179774 0.2769499999999999 0.41280898876404504