0 0.09602499999999999 0.394 0.16560000000000002 0.2918245614035087
4 0.13235 0.6240350877192983 0.2647 0.7518947368421053
0 0.54765 0.30940350877192985 0.14235 0.21347368421052632
0 0.18322500000000003 0.25621052631578944 0.09 0.14831578947368423
4 0.20397500000000002 0.36757894736842106 0.128525 0.3710877192982457
4 0.5132249999999999 0.6016842105263158 0.32647499999999996 0.7938947368421053
1 0.5081 0.7313684210526316 0.37204999999999994 0.5372631578947369
3 0.45030000000000003 0.7957894736842106 0.13 0.042736842105263184
0 0.763975 0.28178947368421053 0.09560000000000002 0.1664561403508772
0 0.8053 0.21740350877192982 0.09294999999999988 0.15326315789473682
4 0.7478 0.37273684210526314 0.18677500000000008 0.3442456140350877
2 0.9156 0.23596491228070177 0.14294999999999988 0.28119298245614033
4 0.8433750000000001 0.5449473684210526 0.3132249999999999 0.907438596491228