0 0.4455517578125 0.14405381944444443 0.04019042968749997 0.060850694444444464
4 0.4527099609375 0.20815104166666665 0.07607421874999998 0.18903645833333338
1 0.4503564453125 0.28044270833333335 0.07136718750000004 0.25345486111111115
0 0.5428955078125 0.41270833333333334 0.03686035156249989 0.061380208333333366
0 0.548876953125 0.4522482638888889 0.0468603515624999 0.08818576388888887
4 0.56201171875 0.5398524305555555 0.1005810546874999 0.26687500000000003
1 0.5448583984375 0.5617968750000001 0.08783691406249994 0.33167534722222214
3 0.5456396484375 0.6318836805555555 0.034506835937500036 0.03266493055555565
0 0.763662109375 0.49406249999999996 0.03921386718749997 0.07421875
4 0.7570947265625 0.5480555555555555 0.08685546875000005 0.18916666666666673
1 0.753662109375 0.6419357638888888 0.1015625 0.35253472222222215
3 0.758271484375 0.7297916666666667 0.042153320312499964 0.04026909722222231
0 0.534072265625 0.793029513888889 0.04666503906250008 0.08657118055555557
2 0.5403466796875 0.867421875 0.05136718749999991 0.11335937500000003
4 0.543583984375 0.9079861111111112 0.09508789062500006 0.1840277777777778