0 0.587490234375 0.5003472222222222 0.04684082031249992 0.07355902777777779
4 0.5859228515625 0.567890625 0.0948339843749999 0.20571180555555557
1 0.581552734375 0.6783767361111112 0.1141357421875 0.35045138888888894
3 0.5890576171875 0.7876128472222222 0.04502441406250002 0.03820312499999999
0 0.7902734375 0.7501736111111111 0.04502441406250002 0.10407118055555564
4 0.771884765625 0.8111284722222222 0.11215332031250003 0.22597222222222216
1 0.769248046875 0.8593315972222223 0.11347167968749994 0.28133680555555546
2 0.8221044921875 0.1708420138888889 0.026225585937500018 0.059600694444444414
2 0.84140625 0.18974826388888888 0.028535156250000027 0.059296875
4 0.8066015625 0.21361979166666667 0.05459472656249997 0.13344618055555552
4 0.823671875 0.25567708333333333 0.08378417968750007 0.18530381944444446
1 0.818974609375 0.2950954861111111 0.08263183593750001 0.2494704861111111