0 0.3752294921875 0.40403645833333335 0.046948242187500044 0.0857291666666667
4 0.3674755859375 0.47204861111111107 0.07937499999999997 0.21422743055555551
1 0.3695947265625 0.5612326388888889 0.08642578125 0.31238715277777773
1 0.3292724609375 0.15296875 0.06781249999999994 0.15504340277777776
0 0.5167822265625 0.1894357638888889 0.031157226562499973 0.06006076388888889
4 0.511494140625 0.27974826388888885 0.06992675781250002 0.18803819444444445
2 0.5322900390625 0.21549479166666666 0.028339843749999982 0.05202256944444442
1 0.5112841796875 0.3166927083333333 0.06809570312500002 0.25441840277777783
4 0.405400390625 0.8669444444444445 0.10165039062500003 0.21200520833333336
3 0.513466796875 0.3965277777777778 0.028759765625000044 0.03061631944444443
0 0.41041015625 0.8071440972222222 0.05667480468749997 0.09741319444444446