0 0.3032470703125 0.3009548611111111 0.0374755859375 0.06893229166666665
4 0.3150927734375 0.3733246527777778 0.08497558593749999 0.21813368055555557
1 0.3118359375 0.45528645833333337 0.08347167968750002 0.29292534722222224
3 0.2970458984375 0.5114583333333333 0.03384277343749997 0.030937500000000086
0 0.4400537109375 0.06455729166666667 0.03158691406250003 0.0640451388888889
4 0.442119140625 0.1166579861111111 0.06454589843750003 0.15934895833333332
1 0.4440625 0.20129340277777777 0.0747021484375 0.2573003472222223
3 0.4393017578125 0.2622482638888889 0.030078124999999956 0.024939236111111127
2 0.2099365234375 0.06032118055555555 0.027573242187500013 0.05112847222222223
2 0.2234716796875 0.048402777777777774 0.02958007812500002 0.05180555555555555
4 0.2252294921875 0.12278645833333332 0.07319335937500002 0.17381944444444444
1 0.225791015625 0.15986111111111112 0.07307128906249999 0.2279253472222222