0 0.4806396484375 0.19307291666666665 0.028603515624999964 0.057907986111111094
4 0.4779248046875 0.2466666666666667 0.06113769531250002 0.1626736111111111
1 0.4758251953125 0.3310937500000001 0.08269531250000006 0.2712847222222223
3 0.47494140625 0.3929253472222222 0.033486328124999964 0.026223958333333366
3 0.4368505859375 0.03274305555555555 0.02507812499999995 0.02403645833333333
1 0.4382763671875 0.046710069444444446 0.05368164062500003 0.09052951388888891
3 0.5746484375 0.11960069444444445 0.022773437499999938 0.021814236111111107
1 0.56916015625 0.09319444444444444 0.06195312500000005 0.18638020833333335
0 0.663173828125 0.29381944444444447 0.03443359374999999 0.07623263888888883
4 0.651376953125 0.3429513888888889 0.07320312500000004 0.16486111111111107
1 0.6530029296875 0.43484375 0.07645507812499996 0.30285590277777774
3 0.65171875 0.5217361111111111 0.03457031250000009 0.030798611111111127
0 0.7264111328125 0.9329774305555555 0.06195312500000005 0.10858506944444447