0 0.42556640625 0.3584722222222222 0.039794921875 0.06986111111111112
0 0.4003515625 0.4023784722222222 0.04082519531249995 0.06007812500000003
4 0.4360302734375 0.4674392361111111 0.09845703124999994 0.19325520833333337
4 0.442119140625 0.4043402777777778 0.07118652343749998 0.15854166666666666
1 0.4324267578125 0.5020225694444445 0.10154785156250001 0.30206597222222226
3 0.42951171875 0.5755295138888888 0.03464843750000002 0.02339409722222226
2 0.6643359375 0.16063368055555557 0.030190429687499964 0.046206597222222236
4 0.65953125 0.23910590277777777 0.06861328124999999 0.19401041666666666
1 0.6601318359375 0.2965625 0.07838867187499998 0.25707465277777775
0 0.8110791015625 0.2746440972222222 0.03722167968750001 0.06686631944444442
4 0.8002734375 0.35083333333333333 0.08079101562500002 0.21924479166666672
1 0.8020751953125 0.4279513888888889 0.08267578125000008 0.28199652777777784
3 0.815966796875 0.4917013888888889 0.03842285156250003 0.03746527777777785
0 0.7468408203125 0.8370225694444444 0.04768554687499993 0.11517361111111107
4 0.7374072265625 0.8912413194444445 0.11458007812499993 0.21751736111111106
1 0.70138671875 0.08176215277777778 0.0562597656249999 0.15986979166666662