0 0.2551513671875 0.29620659722222226 0.04354003906250001 0.07577256944444441
4 0.258779296875 0.3521788194444444 0.07059082031249997 0.17012152777777778
1 0.2604296875 0.4267621527777778 0.08708496093749998 0.3046180555555556
3 0.25564453125 0.5027170138888889 0.03463378906250003 0.028454861111111087
0 0.1365625 0.7891840277777777 0.0603662109375 0.10290798611111107
4 0.1443994140625 0.8543836805555556 0.0974755859375 0.2303732638888888
1 0.146484375 0.8728298611111112 0.1201171875 0.2543402777777778
0 0.5415576171875 0.04188368055555555 0.034140625000000036 0.05678819444444446
4 0.538916015625 0.108984375 0.061850585937500036 0.18513888888888888
1 0.5360302734375 0.1749305555555556 0.0676220703124999 0.2290625
3 0.541474609375 0.22010416666666666 0.022431640625000027 0.026197916666666647
0 0.451171875 0.24941840277777777 0.03150390624999999 0.049626736111111076
0 0.4444921875 0.2813628472222222 0.03958496093749997 0.0724652777777778
4 0.4385546875 0.3613628472222222 0.0897216796875 0.22659722222222228
3 0.4482861328125 0.44653645833333333 0.03727539062499996 0.028107638888888935
1 0.44927734375 0.38040798611111115 0.07883789062500002 0.2705555555555556
0 0.4660986328125 0.5302256944444445 0.039912109375000004 0.0600000000000001
2 0.4606591796875 0.5774131944444444 0.03892578125000001 0.0781423611111111
4 0.4590087890625 0.652421875 0.09764160156249996 0.239904513888889
4 0.4623046875 0.5623090277777778 0.08180664062499998 0.12710937500000005
1 0.4593359375 0.6990538194444444 0.09565917968749998 0.3566059027777777
3 0.4571923828125 0.7860677083333333 0.04189453124999998 0.032534722222222236