0 0.308740234375 0.13061631944444443 0.032954101562500004 0.05387152777777778
0 0.3163232421875 0.16071180555555553 0.032431640625000036 0.060590277777777785
4 0.3154736328125 0.22716145833333334 0.07388183593749997 0.19348090277777777
1 0.313515625 0.27979166666666666 0.07780761718749996 0.24992187499999996
0 0.5444482421875 0.46155381944444446 0.04275878906250008 0.07411458333333337
2 0.5626220703125 0.5035763888888889 0.0346533203124999 0.07214409722222213
4 0.5364697265625 0.4842795138888889 0.07649902343750004 0.11259548611111114
4 0.5360107421875 0.5719965277777779 0.0899658203125 0.20665798611111105
1 0.536865234375 0.603359375 0.08512695312500002 0.31122395833333333
3 0.538564453125 0.7120486111111111 0.03883789062499998 0.028784722222222295
0 0.3462060546875 0.7432552083333334 0.05426757812500005 0.10049479166666665
4 0.3410400390625 0.8132986111111111 0.09493652343750003 0.22431423611111118
1 0.3442431640625 0.8610329861111111 0.1157275390625 0.2779340277777778