0 0.22769042968750003 0.5707031250000001 0.04469726562500001 0.09990451388888882
4 0.238408203125 0.6260850694444444 0.089228515625 0.1930815972222223
1 0.2375048828125 0.7200347222222222 0.10555664062499998 0.3663194444444444
3 0.23659667968749998 0.8215798611111111 0.04271972656249998 0.03898437500000007
0 0.4591748046875 0.47647569444444443 0.04090332031249999 0.060998263888888876
0 0.453154296875 0.5205902777777778 0.043706054687499996 0.07592013888888892
4 0.453896484375 0.5172048611111112 0.083125 0.14832465277777784
4 0.45001953125 0.6067447916666667 0.10671386718749998 0.24822048611111114
1 0.4563671875 0.6231423611111111 0.09137207031249994 0.3279427083333333
3 0.45818359375 0.7087760416666666 0.03892578125000001 0.041805555555555624
0 0.5599462890625 0.1811545138888889 0.03463378906249992 0.06558159722222223
4 0.5532666015625 0.25236111111111115 0.07570312499999998 0.20213541666666668
3 0.558212890625 0.3784375 0.026225585937500018 0.020321180555555526
1 0.5547509765625 0.3251909722222222 0.07537597656249995 0.27448784722222225
0 0.4689013671875 0.9008159722222222 0.05046874999999995 0.0798784722222222
2 0.462060546875 0.9641579861111111 0.04832519531250001 0.07168402777777771