0 0.2680615234375 0.14932291666666667 0.03688964843749998 0.07109375000000002
4 0.2736669921875 0.22065972222222222 0.06634765625000003 0.20447916666666668
1 0.273994140625 0.29940972222222223 0.07090820312500001 0.2600347222222223
3 0.2594580078125 0.3690625 0.03532226562499999 0.03551215277777775
2 0.6536328125 0.26550347222222226 0.03115234375000009 0.055494791666666626
4 0.642421875 0.3339409722222222 0.07129882812499999 0.18541666666666667
1 0.6405322265625 0.39763020833333335 0.06360839843749999 0.2618229166666667
3 0.644248046875 0.46485243055555553 0.03323730468750008 0.03475694444444441
0 0.247138671875 0.6736371527777778 0.04849121093749997 0.08619791666666662
4 0.261220703125 0.7492534722222222 0.10271484375000003 0.22584201388888894
1 0.26134765625 0.8262760416666667 0.11079589843750001 0.34744791666666663