0 0.2126416015625 0.5888628472222223 0.04531249999999998 0.08929687500000011
4 0.225751953125 0.6627083333333333 0.1018603515625 0.2306510416666667
1 0.22486328125 0.7533333333333334 0.10364746093749999 0.35164062499999993
3 0.2155859375 0.8448611111111111 0.042280273437500016 0.03672743055555551
0 0.8513720703125 0.6681076388888889 0.04370605468750011 0.08598090277777774
4 0.8360302734375 0.7409982638888889 0.09151367187500004 0.23177083333333334
4 0.83935546875 0.8337673611111112 0.10546875 0.3324652777777778
0 0.665400390625 0.3898263888888889 0.0374609374999999 0.07178819444444448
2 0.6737841796875 0.43325520833333336 0.0363916015625001 0.06351562500000002
4 0.6634375 0.4372048611111111 0.07991699218750004 0.15703993055555554
4 0.6666455078125 0.49649305555555556 0.07920410156250002 0.18046875000000004
1 0.6663818359375 0.5321354166666666 0.08402343749999996 0.29933159722222213
3 0.672177734375 0.6585243055555555 0.03674804687500011 0.028819444444444484
3 0.7446044921875 0.3731857638888889 0.0317529296875001 0.029001736111111082
0 0.738271484375 0.15869791666666666 0.031577148437500036 0.059887152777777786
4 0.7326513671875 0.2095746527777778 0.06850097656249998 0.15845486111111107
1 0.732294921875 0.2813628472222222 0.07492187500000003 0.24813368055555557
4 0.5057373046875 0.28878472222222223 0.07135742187499994 0.16464409722222217
3 0.499853515625 0.4048350694444445 0.020336914062500044 0.028880208333333317
1 0.5054736328125 0.2640190972222222 0.11185058593750002 0.3815190972222222