0 0.2920947265625 0.026336805555555554 0.031665039062499956 0.05267361111111111
4 0.2934130859375 0.07087673611111112 0.06069335937499998 0.14175347222222223
1 0.295146484375 0.1354947916666667 0.06910644531249999 0.2352170138888889
3 0.2845068359375 0.187265625 0.029687499999999978 0.03088541666666665
0 0.4362451171875 0.037473958333333335 0.029687499999999978 0.05383680555555556
0 0.44287109375 0.020833333333333332 0.025390625 0.041666666666666664
4 0.4352587890625 0.11542534722222222 0.06069335937499998 0.20973090277777778
3 0.44111328125 0.17905381944444446 0.02787597656249996 0.02619791666666667
1 0.4406982421875 0.13461805555555556 0.061684570312499964 0.2158767361111111
1 0.5152490234375 0.05447048611111111 0.045849609375000044 0.10893229166666668
0 0.468984375 0.1783159722222222 0.02754394531250004 0.06283854166666665
2 0.468984375 0.20586805555555554 0.034140625000000036 0.07102430555555556
4 0.4690673828125 0.2751736111111111 0.07224121093750002 0.2067013888888889
3 0.4637060546875 0.368125 0.030180664062499973 0.023151041666666632
1 0.4666748046875 0.31400173611111115 0.07570312499999998 0.2696961805555556
0 0.2098779296875 0.35052083333333334 0.040410156249999996 0.08177951388888892
4 0.214658203125 0.4081076388888889 0.07306640625000002 0.18228298611111113
1 0.21664062500000003 0.4939756944444444 0.09021972656250002 0.31296874999999996
3 0.200146484375 0.5636284722222222 0.03744140625000003 0.03298611111111111
2 0.4080419921875 0.5693402777777777 0.042553710937500044 0.09425347222222216
0 0.388251953125 0.5869270833333333 0.04915039062500004 0.09423611111111106
4 0.4035888671875 0.6572482638888889 0.096318359375 0.23489583333333344
1 0.404248046875 0.7245052083333333 0.09104492187500002 0.3605989583333334
3 0.4065576171875 0.8548611111111111 0.04288085937499997 0.034244791666666705
0 0.086591796875 0.8536545138888889 0.05607910156249999 0.10869791666666669
2 0.0606103515625 0.924592013888889 0.048657226562499996 0.09810763888888888
4 0.11231933593749999 0.8823697916666666 0.12073242187499998 0.16613715277777766