2 0.2833984375 0.7894704861111111 0.046625976562500004 0.08129340277777786
4 0.3098828125 0.8686371527777778 0.10276367187500002 0.2255381944444444
1 0.309169921875 0.8814583333333333 0.09658203124999998 0.23708333333333323
0 0.59326171875 0.022569444444444444 0.03125 0.04513888888888889
4 0.595263671875 0.08014756944444443 0.06613281250000003 0.15408854166666666
1 0.595107421875 0.14341145833333335 0.06264160156249998 0.22141493055555556
3 0.597880859375 0.21770833333333334 0.025375976562499902 0.02322916666666666
0 0.8185595703125 0.5634375 0.04963867187499993 0.09723958333333332
4 0.809833984375 0.6459895833333333 0.09879882812500007 0.25671875
1 0.8076171875 0.747578125 0.10704589843750001 0.3668576388888888
3 0.8331494140625 0.8699565972222223 0.04709960937500002 0.036449652777777786