1 0.5455908203125 0.8657118055555555 0.10879394531249997 0.2685677083333332
1 0.4507958984375 0.27490451388888887 0.07316406249999996 0.2443055555555555
1 0.54888671875 0.5314409722222222 0.09633300781249998 0.2959982638888889
0 0.76134765625 0.4663715277777778 0.043251953124999964 0.08244791666666668
0 0.5458837890625 0.39197916666666666 0.03900390625000005 0.05617187500000003
0 0.549697265625 0.43783854166666664 0.04076171875000001 0.07490451388888886
0 0.44537109375 0.12766493055555556 0.030058593749999973 0.048880208333333335
0 0.5348876953125 0.7586111111111111 0.04339843750000005 0.08565104166666673
4 0.755703125 0.5313628472222223 0.08621582031250008 0.19419270833333335
4 0.5473486328125 0.43626736111111114 0.07125976562500003 0.13432291666666674
4 0.54236328125 0.8862760416666666 0.09061523437499996 0.22628472222222218
1 0.7526953125 0.6138194444444445 0.09926269531249998 0.3356423611111112
4 0.559150390625 0.5266666666666667 0.10513183593749997 0.23693576388888893
4 0.4524853515625 0.18436631944444443 0.072138671875 0.15446180555555558
2 0.538330078125 0.823142361111111 0.0517578125 0.11305555555555556
3 0.7570947265625 0.7020399305555556 0.03533691406249995 0.027751736111111133
3 0.5456640625 0.6088715277777778 0.0370947265624999 0.028593750000000046
3 0.4484521484375 0.3210590277777778 0.027416992187500044 0.029036458333333372