0 0.2413427734375 0.4200607638888889 0.03988281250000003 0.07585069444444444
4 0.2495556640625 0.47567708333333336 0.079765625 0.17927083333333332
1 0.250654296875 0.560607638888889 0.09516113281250002 0.32826388888888897
3 0.24662109375000002 0.6453385416666666 0.038710937500000014 0.03375868055555564
0 0.55130859375 0.10736111111111112 0.03812011718750008 0.065625
4 0.5447119140625 0.17197048611111113 0.06891113281250005 0.17398437500000002
1 0.5466162109375 0.2545572916666667 0.06979492187500003 0.2609722222222222
0 0.4551220703125 0.3543923611111111 0.03929687500000001 0.05921006944444448
0 0.4463232421875 0.39100694444444445 0.045161132812500004 0.07769097222222222
4 0.4516748046875 0.3898263888888889 0.07199218750000003 0.13006944444444446
4 0.4422216796875 0.47736111111111107 0.09560058593749998 0.2425868055555556
3 0.451015625 0.5641666666666666 0.036948242187500036 0.03563368055555552
1 0.4527783203125 0.4944184027777778 0.08152343750000002 0.30016493055555554
0 0.4653857421875 0.6997482638888889 0.04222656250000001 0.07740451388888896
2 0.460107421875 0.7552517361111111 0.049267578125000044 0.09977430555555561
1 0.460107421875 0.8357378472222222 0.11377929687499999 0.32852430555555556
4 0.459228515625 0.8360069444444443 0.10615722656249998 0.25086805555555547
3 0.45431640625 0.9806684027777778 0.04208007812500003 0.024062499999999827
4 0.459814453125 0.745859375 0.08973632812500004 0.1644097222222223