0 0.1604638671875 0.21651041666666668 0.03549804687500002 0.07085069444444447
4 0.17169921875 0.2857638888888889 0.06868164062499998 0.20618055555555553
1 0.168759765625 0.33315972222222223 0.07884765625000001 0.22802951388888884
3 0.15671875 0.41323784722222223 0.03157714843749998 0.029826388888888902
0 0.1432470703125 0.4566666666666667 0.04566894531249999 0.0722829861111111
4 0.1593017578125 0.5354253472222221 0.09205078124999999 0.22663194444444437
1 0.1566259765625 0.627829861111111 0.09740234375000001 0.3258072916666666
3 0.13611328125 0.7508854166666666 0.038530273437499984 0.026440972222222255
1 0.0997216796875 0.09173611111111112 0.0656494140625 0.18347222222222223
1 0.257568359375 0.0959201388888889 0.06298828125 0.1918402777777778
4 0.2577734375 0.06543402777777778 0.05351562499999998 0.12705729166666668