2 0.15548828125 0.2 0.03578613281249998 0.0548784722222222
2 0.173994140625 0.18325520833333334 0.028061523437500013 0.047907986111111106
4 0.1744677734375 0.26695312499999996 0.08458984375 0.18879340277777779
4 0.1872119140625 0.23250868055555557 0.061274414062500004 0.1440017361111111
1 0.1758935546875 0.3148871527777778 0.08608398437499998 0.26055555555555565
0 0.198330078125 0.7948263888888889 0.05097167968749999 0.09496527777777786
4 0.2189990234375 0.8722569444444445 0.11807617187499997 0.2329687499999999
1 0.21812011718750002 0.8857204861111111 0.10682128906250002 0.22855902777777773
0 0.408857421875 0.5566753472222222 0.04093749999999996 0.09342881944444453
4 0.411162109375 0.6262760416666667 0.09706054687499999 0.2181857638888888
1 0.415498046875 0.7299739583333333 0.10573730468749998 0.3846006944444445
3 0.405126953125 0.8545833333333334 0.042973632812499996 0.040963541666666714