0 0.67396484375 0.25783854166666664 0.035888671875 0.07249999999999998
4 0.6699169921875 0.3275954861111111 0.07023437500000007 0.2154513888888889
1 0.671748046875 0.402517361111111 0.06811035156250012 0.27952256944444437
3 0.6791748046875 0.45656250000000004 0.03473144531250005 0.03430555555555554
3 0.4491845703125 0.059470486111111116 0.02238281249999996 0.02221354166666667
0 0.829482421875 0.4992447916666667 0.03820312499999989 0.07508680555555555
4 0.8188720703125 0.5708940972222222 0.08258300781250005 0.21151909722222229
1 0.8153955078125 0.6655121527777778 0.09878906250000008 0.3458854166666667
3 0.83662109375 0.749921875 0.04090332031249999 0.03447048611111114
0 0.7941748046875 0.9519965277777778 0.05634277343749994 0.08873263888888872
3 0.7495068359375 0.09953993055555556 0.02682128906249992 0.026883680555555553
3 0.6506201171875 0.014496527777777777 0.02392578125 0.02144965277777778
1 0.744873046875 0.08425347222222222 0.05614746093749989 0.16440104166666666
1 0.4501953125 0.0625 0.0712890625 0.125