0 0.262783203125 0.16402777777777777 0.032353515624999996 0.06528645833333331
2 0.252314453125 0.18784722222222222 0.03044921874999998 0.05371527777777777
4 0.2586572265625 0.23828125 0.08753906249999999 0.1489496527777778
1 0.2659521484375 0.297734375 0.08944335937500003 0.2622135416666666
3 0.254296875 0.3438454861111111 0.03282714843750001 0.03022569444444449
0 0.4993994140625 0.3307378472222222 0.04249999999999998 0.07447916666666662
4 0.49654296875 0.3972309027777778 0.07485351562499998 0.19619791666666664
1 0.4951171875 0.48303819444444446 0.08151367187500003 0.29732638888888885
0 0.461572265625 0.6668315972222223 0.04456542968749999 0.1010503472222223
4 0.4546728515624999 0.7274131944444444 0.09895996093749998 0.21656250000000002
1 0.45068359375 0.8116319444444444 0.109375 0.3767361111111111
1 0.4101123046875 0.08080729166666667 0.051064453124999964 0.16160590277777778
1 0.319794921875 0.058541666666666665 0.04646484375000004 0.11370659722222223