2 0.5936458333333333 0.08678703703703704 0.05604166666666662 0.08763888888888889
0 0.543125 0.0786388888888889 0.057083333333333285 0.10097222222222223
4 0.5201041666666667 0.15839814814814815 0.10479166666666669 0.24939814814814817
4 0.5592708333333333 0.2452037037037037 0.1414583333333333 0.3896666666666667
3 0.5972916666666667 0.4353796296296296 0.04874999999999995 0.04780555555555555
1 0.5484375 0.34239814814814823 0.18645833333333334 0.3877592592592593
0 0.2598958333333333 0.08148148148148149 0.11354166666666667 0.16296296296296298
4 0.31666666666666665 0.2462962962962963 0.25833333333333336 0.48815740740740743
4 0.20833333333333334 0.4046296296296296 0.4166666666666667 0.8092592592592592
1 0.28041666666666665 0.5481944444444444 0.3608333333333333 0.8141574074074074
3 0.15270833333333333 0.8894907407407407 0.08458333333333332 0.09305555555555556