0 0.41583333333333333 0.08325925925925926 0.06499999999999997 0.10652777777777776
4 0.4142708333333333 0.23853703703703705 0.14312499999999997 0.3911481481481482
1 0.4109375 0.3177685185185185 0.11979166666666667 0.40147222222222223
3 0.4079166666666667 0.3617037037037037 0.04916666666666671 0.0411851851851852
0 0.31125 0.1384351851851852 0.03916666666666669 0.06131481481481483
4 0.31364583333333335 0.19266666666666668 0.07104166666666671 0.16606481481481478
1 0.31125 0.2742962962962963 0.07250000000000002 0.1923055555555556
0 0.19677083333333334 0.11973148148148148 0.06645833333333334 0.13130555555555556
2 0.15541666666666665 0.12399074074074073 0.06083333333333332 0.09909259259259258
4 0.16624999999999998 0.23577777777777775 0.14916666666666664 0.3078425925925926
4 0.22364583333333332 0.18210185185185185 0.12437499999999997 0.23753703703703705
0 0.05427083333333334 0.12026851851851851 0.10645833333333334 0.2249814814814815
0 0.9033333333333334 0.07881481481481482 0.1400000000000001 0.15687962962962965
4 0.82875 0.3151481481481482 0.3408333333333334 0.6258425925925927
0 0.638125 0.10456481481481482 0.03875000000000005 0.049120370370370384
4 0.6440625 0.15619444444444444 0.056874999999999905 0.14128703703703707
1 0.6561458333333333 0.26523148148148146 0.08104166666666662 0.1778703703703704