2 0.49156249999999996 0.07752777777777778 0.051874999999999956 0.09135185185185185
2 0.3259375 0.11566666666666667 0.049791666666666616 0.07133333333333333
4 0.34145833333333336 0.2459537037037037 0.11208333333333335 0.33190740740740743
4 0.485625 0.23205555555555557 0.13374999999999998 0.40411111111111114
1 0.35593749999999996 0.3264814814814815 0.13479166666666664 0.3337037037037036
1 0.49114583333333334 0.34073148148148147 0.11770833333333333 0.3881296296296297
3 0.475 0.36725925925925923 0.041666666666666664 0.04487962962962966
0 0.10239583333333332 0.14546296296296296 0.09020833333333332 0.11240740740740743
4 0.12927083333333333 0.22078703703703703 0.173125 0.2667592592592593
0 0.9360416666666667 0.15601851851851853 0.059583333333333384 0.08537037037037036
4 0.9195833333333333 0.2587314814814815 0.1224999999999999 0.27969444444444447
1 0.9276041666666667 0.36018518518518516 0.14479166666666668 0.3048055555555556