2 0.50125 0.08512037037037037 0.044166666666666646 0.0732037037037037
0 0.5192708333333333 0.08123148148148149 0.04479166666666667 0.06912962962962962
0 0.43291666666666667 0.12770370370370368 0.03250000000000005 0.047259259259259265
4 0.43031250000000004 0.1798888888888889 0.05437500000000005 0.14423148148148152
1 0.4320833333333333 0.2704166666666667 0.05583333333333336 0.15861111111111115
4 0.5076041666666666 0.21874074074074074 0.11312500000000002 0.3330370370370371
1 0.5131302083333333 0.30380555555555555 0.09487499999999999 0.3449074074074074
3 0.49361979166666664 0.32265740740740745 0.03677083333333329 0.03110185185185188
0 0.8630520833333333 0.13385185185185186 0.04717708333333329 0.06358333333333335
4 0.8522968750000001 0.23724074074074078 0.09782291666666675 0.2611111111111111
2 0.3323177083333333 0.10364814814814814 0.04023958333333333 0.06484259259259258
0 0.3585052083333334 0.10626851851851851 0.040583333333333374 0.07932407407407406
4 0.3469739583333334 0.2336851851851852 0.11638020833333336 0.32491666666666674
4 0.3843489583333334 0.2544814814814815 0.0957395833333333 0.3696018518518518
1 0.36292708333333334 0.3089166666666667 0.13441666666666663 0.27060185185185187
1 0.878921875 0.3217037037037037 0.15696354166666662 0.20803703703703702
0 0.08359895833333333 0.10825 0.16719791666666667 0.21587962962962967
1 0.18211458333333336 0.4053611111111111 0.3642291666666667 0.45242592592592595