3 0.20697916666666666 0.5316481481481481 0.07437499999999998 0.07736111111111107
4 0.25416666666666665 0.2740648148148148 0.25 0.5362685185185185
1 0.27145833333333336 0.4060462962962963 0.26375000000000004 0.574324074074074
0 0.7558333333333334 0.06882407407407408 0.05333333333333338 0.08505555555555554
4 0.7396875 0.2313148148148148 0.10729166666666666 0.40263888888888894
1 0.7360416666666667 0.2911203703703704 0.10958333333333338 0.3481666666666666
3 0.7439583333333334 0.32193518518518516 0.04342708333333339 0.04542592592592598
0 0.653265625 0.05521296296296297 0.0292239583333334 0.046731481481481485
4 0.6511458333333333 0.11612962962962962 0.04854687500000002 0.17276851851851852
1 0.6449010416666667 0.17476851851851852 0.0572656249999999 0.15597222222222223
0 0.5943489583333333 0.04243518518518519 0.02451041666666664 0.04213888888888888
4 0.5919947916666667 0.09875 0.038651041666666684 0.15057407407407408
1 0.5878697916666666 0.13833333333333334 0.0563229166666666 0.12500925925925926