4 0.48000000000000004 0.2483425925925926 0.16000000000000003 0.4218796296296296
1 0.483125 0.3531296296296296 0.13708333333333336 0.4166296296296297
3 0.46822916666666664 0.40224074074074073 0.046875 0.0518981481481481
2 0.31145833333333334 0.13287962962962963 0.052083333333333336 0.07242592592592594
4 0.33125 0.2589166666666667 0.12083333333333333 0.3207870370370371
1 0.3458333333333333 0.34703703703703703 0.15 0.3192592592592593
0 0.09458333333333332 0.17082407407407407 0.08916666666666666 0.11498148148148149
4 0.115 0.2528148148148148 0.18000000000000002 0.26785185185185184
0 0.3384375 0.12362037037037037 0.041458333333333285 0.07613888888888891
0 0.47593749999999996 0.08788888888888889 0.058124999999999954 0.0972685185185185
0 0.9544791666666667 0.14250925925925925 0.06937499999999991 0.09167592592592591
4 0.9366666666666668 0.25410185185185186 0.11500000000000009 0.30375925925925934
1 0.934375 0.3862777777777778 0.13125 0.323675925925926