0 0.125 0.4498148148148149 0.075 0.12850925925925927
4 0.09791666666666667 0.605824074074074 0.14583333333333334 0.4442407407407407
1 0.09364583333333334 0.727824074074074 0.14770833333333336 0.4104722222222222
0 0.37416666666666665 0.43796296296296294 0.05666666666666664 0.11962962962962967
4 0.36916666666666664 0.6015648148148148 0.12166666666666662 0.44683333333333325
1 0.3584375 0.7252407407407407 0.12312500000000005 0.39787962962962964
0 0.6114583333333333 0.4272222222222222 0.06041666666666667 0.13518518518518519
4 0.6152083333333334 0.5978611111111112 0.15958333333333338 0.46904629629629624
1 0.5965625 0.7154166666666667 0.16187500000000005 0.4412037037037037
0 0.7161458333333334 0.5075833333333334 0.034375 0.06626851851851846
4 0.7170833333333333 0.5953055555555555 0.06749999999999995 0.24912037037037033
1 0.7110416666666667 0.6621296296296296 0.07958333333333342 0.24575000000000008
0 0.4278125 0.4949814814814815 0.04104166666666664 0.10034259259259265
4 0.44 0.6171296296296296 0.06333333333333328 0.3298240740740741
0 0.7982291666666667 0.5492314814814815 0.023541666666666572 0.056990740740740696
4 0.7970833333333334 0.6095648148148148 0.052500000000000095 0.1702500000000001
1 0.795 0.6556666666666666 0.05666666666666676 0.15503703703703708