0 0.2919791666666667 0.3916759259259259 0.0860416666666667 0.1529814814814815
0 0.3438541666666667 0.3911203703703704 0.07729166666666672 0.16298148148148148
4 0.2733333333333333 0.6311574074074073 0.205 0.624537037037037
4 0.3519791666666666 0.62375 0.08937499999999995 0.6097314814814815
1 0.27375 0.7251851851851853 0.22250000000000003 0.5496296296296296
0 0.5095833333333333 0.481287037037037 0.044166666666666646 0.09516666666666664
4 0.5044791666666667 0.6047314814814815 0.09437500000000003 0.34575000000000006
1 0.5005208333333333 0.6987777777777777 0.090625 0.29681481481481475
0 0.5519791666666667 0.5235 0.03104166666666662 0.07588888888888892
4 0.5634374999999999 0.6238055555555556 0.04645833333333324 0.2690925925925925
0 0.6963541666666667 0.4707314814814815 0.04895833333333333 0.09258333333333334
4 0.7023958333333333 0.6030555555555556 0.11520833333333323 0.36093518518518514
1 0.6871875000000001 0.6878518518518518 0.11395833333333343 0.315712962962963
0 0.7465625 0.525537037037037 0.02854166666666676 0.054037037037036946
0 0.8191666666666666 0.5575648148148148 0.02166666666666662 0.04032407407407403
4 0.8198958333333334 0.6090185185185185 0.041875000000000044 0.13581481481481486
1 0.8183333333333334 0.6556759259259259 0.04500000000000005 0.1254166666666667
1 0.7512500000000001 0.6576944444444444 0.052500000000000095 0.20724074074074067
1 0.5636458333333334 0.6782407407407407 0.05437500000000005 0.22240740740740744
4 0.7520833333333333 0.5658888888888889 0.04583333333333333 0.1125185185185185