0 0.15677083333333333 0.4561018518518518 0.06979166666666667 0.11887962962962961
4 0.14020833333333332 0.6400648148148148 0.13458333333333333 0.4793888888888889
1 0.13843750000000002 0.7500370370370371 0.16645833333333335 0.44007407407407395
0 0.4696875 0.4668425925925926 0.05395833333333329 0.11812962962962967
0 0.5022916666666667 0.4581481481481482 0.050416666666666644 0.11184259259259262
4 0.4609375 0.5762222222222223 0.13645833333333332 0.3257777777777777
4 0.5146875000000001 0.6123055555555555 0.06895833333333339 0.4164629629629629
1 0.46458333333333335 0.7422685185185185 0.1625 0.41712037037037036
0 0.6305208333333333 0.49868518518518523 0.050624999999999906 0.09293518518518525
4 0.6265625 0.6286111111111111 0.096875 0.3453703703703704
1 0.6253124999999999 0.7171018518518518 0.11104166666666657 0.3223518518518517
0 0.7344791666666667 0.578675925925926 0.021041666666666715 0.04549074074074084
4 0.7336458333333333 0.6271574074074074 0.03604166666666657 0.13506481481481492
1 0.728125 0.6767777777777777 0.052083333333333336 0.13059259259259257
0 0.8084375 0.5918148148148148 0.02312500000000005 0.04585185185185184
4 0.8078125 0.6110648148148149 0.042708333333333334 0.06953703703703695
1 0.8028125 0.6756666666666666 0.04937500000000009 0.13576851851851862
0 0.8608333333333333 0.5957037037037037 0.02166666666666662 0.035111111111111176
4 0.8617708333333333 0.6125462962962962 0.0381249999999999 0.07249999999999995
1 0.8616666666666667 0.6723333333333333 0.0400000000000001 0.10689814814814819