0 0.431875 0.48387962962962966 0.042916666666666714 0.07812962962962958
4 0.4296875 0.5851203703703703 0.08229166666666667 0.2694907407407407
1 0.42864583333333334 0.6493518518518518 0.084375 0.2683425925925925
0 0.178125 0.5433148148148148 0.027083333333333334 0.04514814814814814
4 0.18291666666666667 0.5805092592592593 0.04916666666666666 0.13064814814814807
1 0.18520833333333334 0.6393703703703704 0.05791666666666669 0.16689814814814816
0 0.2658333333333333 0.5520092592592593 0.02333333333333331 0.051435185185185146
4 0.2684375 0.599388888888889 0.043124999999999976 0.14618518518518508
1 0.2709375 0.6430833333333333 0.048125000000000015 0.14467592592592593
0 0.08427083333333334 0.5488703703703703 0.024791666666666677 0.04884259259259259
4 0.09614583333333333 0.6045740740740742 0.05270833333333333 0.15655555555555548
1 0.10416666666666667 0.6554814814814814 0.06666666666666667 0.14356481481481478
0 0.09791666666666667 0.5520185185185185 0.020833333333333332 0.03662037037037033