0 0.128515625 0.363015625 0.048562499999999974 0.06578125000000004
4 0.145796875 0.45928125 0.08576562499999998 0.2635625
1 0.140125 0.518640625 0.16678125000000002 0.22923437500000005
0 0.49915624999999997 0.39348437500000005 0.05884374999999995 0.09767187500000003
0 0.558390625 0.383328125 0.04803125000000001 0.05890624999999998
4 0.51234375 0.5799375 0.1274531249999999 0.4547500000000001
1 0.49084374999999997 0.6940468750000001 0.26125000000000004 0.3636718750000001
4 0.5675 0.476953125 0.07415625000000006 0.24087499999999995
0 0.8071093749999999 0.38742187499999997 0.02559375000000008 0.03806250000000002
4 0.81134375 0.446109375 0.044593749999999946 0.15278124999999995
1 0.8073750000000001 0.49675 0.07362499999999991 0.1590781250000001
0 0.945125 0.384265625 0.02190624999999997 0.021171875000000017
4 0.9444687500000001 0.412875 0.03378124999999983 0.07576562500000002
1 0.94078125 0.46259375 0.04750000000000014 0.08814062499999994