0 0.1466875 0.393375 0.062890625 0.10237499999999997
4 0.170515625 0.5551875 0.133984375 0.42209375
1 0.1578125 0.659453125 0.29375 0.388453125
0 0.425 0.38068749999999996 0.053125 0.06528124999999996
4 0.4359375 0.50209375 0.090625 0.30029687499999996
1 0.4248125 0.5811875 0.181640625 0.23581249999999992
0 0.659375 0.377953125 0.0375 0.05201562499999999
0 0.64140625 0.374453125 0.0328125 0.037171875000000035
4 0.671875 0.47887500000000005 0.078125 0.24993750000000006
1 0.663484375 0.557171875 0.119921875 0.19951562499999992
0 0.715625 0.37834375 0.040625 0.044984374999999986
4 0.7125 0.421875 0.05 0.1359375
4 0.73671875 0.45720312500000004 0.0515625 0.18707812500000004
0 0.79375 0.389671875 0.025 0.02857812499999999
0 0.8828125 0.3869375 0.03125 0.030921874999999988
4 0.8060625 0.44471875 0.053515625 0.14646875
1 0.8078125 0.49040625000000004 0.06875 0.12067187500000003
4 0.88359375 0.4484375 0.0484375 0.142171875
1 0.88534375 0.5050625 0.063671875 0.12260937500000005
0 0.96465625 0.39318749999999997 0.026953125 0.027796874999999988
4 0.965421875 0.440421875 0.044140625 0.130078125
1 0.9623125 0.48690625 0.053515625 0.10582812500000002