0 0.029828125 0.364421875 0.04446875 0.06035937499999999
0 0.0528125 0.362140625 0.038390625 0.04929687500000002
4 0.027328124999999998 0.4319375 0.054656249999999997 0.18889062499999998
0 0.149546875 0.366046875 0.05834375000000001 0.05710937500000002
4 0.16949999999999998 0.48873437500000005 0.10693749999999998 0.302484375
1 0.1544375 0.566796875 0.239453125 0.267734375
0 0.43825000000000003 0.3569375 0.03275000000000006 0.047562499999999994
4 0.45473437499999997 0.43975 0.07439062500000002 0.21317187499999996
1 0.44953125 0.49439062500000003 0.133390625 0.20967187499999995
0 0.5977812499999999 0.36117187500000003 0.03296875000000003 0.03217187499999996
4 0.59690625 0.44310937499999997 0.057265624999999966 0.19604687500000004
1 0.58421875 0.4884375 0.07743749999999991 0.16956249999999998
0 0.6745625000000001 0.37570312499999997 0.03035937499999992 0.03953125000000002
4 0.680203125 0.46240625 0.05899999999999998 0.21293749999999995
1 0.670984375 0.526265625 0.10346875000000004 0.17365624999999998
0 0.733984375 0.3795 0.02776562499999997 0.031937499999999994
4 0.73703125 0.43628125000000006 0.04251562500000006 0.14553124999999997
0 0.769890625 0.375375 0.02364062499999999 0.02804687499999998
4 0.770421875 0.42934374999999997 0.04857812500000005 0.14032812499999997
2 0.832984375 0.377453125 0.024328124999999902 0.034531250000000034
4 0.8363906249999999 0.44526562500000005 0.05059375000000017 0.15556249999999996
1 0.8342031249999999 0.5010625 0.07053125000000007 0.13340625
0 0.868015625 0.37465625 0.026265624999999914 0.026499999999999968
4 0.8695937499999999 0.41865625 0.03671875 0.10962499999999994
0 0.9474218750000001 0.37490625 0.026999999999999958 0.02212500000000004
4 0.94765625 0.4264375 0.0420781250000001 0.1251875
1 0.939875 0.4663125 0.06542187499999982 0.10765624999999997
1 0.872875 0.470078125 0.05545312500000001 0.10789062499999993