0 0.094421875 0.36446875 0.05748437500000001 0.09270312500000003
0 0.147796875 0.37173437499999995 0.044578125 0.06501562499999998
4 0.10990625000000001 0.508890625 0.11659375000000001 0.36278124999999994
4 0.16609374999999998 0.4459375 0.09993750000000001 0.22045312500000006
1 0.12562500000000001 0.581015625 0.24656250000000002 0.3216875
1 0.18053124999999998 0.51278125 0.14990624999999996 0.21807812500000007
0 0.297234375 0.357328125 0.02909375000000001 0.033828124999999966
4 0.303453125 0.42601562499999995 0.05795312499999996 0.17590625000000001
1 0.29325 0.4755 0.100875 0.13882812500000002
0 0.401171875 0.36446875 0.044578124999999955 0.064546875
4 0.41359375 0.494359375 0.11167187500000005 0.32432812499999997
1 0.40257812499999995 0.5746875 0.17876562499999996 0.294953125
2 0.489140625 0.36529687499999997 0.028156249999999973 0.040390625000000034
0 0.517765625 0.371625 0.03846875000000001 0.04835937499999998
4 0.533828125 0.47115625000000005 0.07765625000000007 0.24506250000000004
1 0.526203125 0.5290781250000001 0.13982812500000003 0.21548437499999995
0 0.597765625 0.360140625 0.024874999999999935 0.039453125
4 0.594703125 0.40796875000000005 0.03284374999999997 0.12573437500000004
0 0.623328125 0.36365625 0.033781250000000006 0.041796875
0 0.6388125 0.376671875 0.027218749999999937 0.03265624999999996
4 0.62871875 0.4366875 0.058656249999999945 0.18082812500000003
4 0.6544218749999999 0.41325 0.056062499999999994 0.09642187500000002
1 0.6444375 0.4925 0.10415624999999995 0.17048437500000002
0 0.6596875 0.37128125 0.036125000000000004 0.0359375
0 0.790828125 0.37725 0.03096874999999999 0.04085937499999996
4 0.790828125 0.44418749999999996 0.049734374999999977 0.16768749999999993
1 0.786609375 0.481375 0.0694374999999999 0.13648437500000005
0 0.8092499999999999 0.381703125 0.018531249999999933 0.03568749999999996
0 0.822625 0.377484375 0.021812500000000058 0.027249999999999996
4 0.8259062500000001 0.42965625 0.037765625000000115 0.129234375
0 0.8465468749999999 0.37760937499999997 0.022749999999999916 0.02514062499999996
0 0.8695468749999999 0.377140625 0.021812500000000058 0.024203125000000013
4 0.869890625 0.43446875 0.0436406250000001 0.1365
1 0.8654375 0.4803125 0.06756250000000001 0.10856250000000003
3 0.847015625 0.477515625 0.014312500000000127 0.018515625000000036
0 0.9279531249999999 0.37701562499999997 0.021343750000000127 0.02631249999999996
4 0.931125 0.41184374999999995 0.030031250000000044 0.08421874999999997
1 0.92771875 0.45675 0.05371875000000017 0.10131250000000006
0 0.961734375 0.3744375 0.023218749999999844 0.025843750000000033
4 0.9653750000000001 0.408671875 0.03284374999999997 0.08492187500000004