0 0.131703125 0.36890624999999994 0.04165624999999999 0.06639062499999997
0 0.1890625 0.3620625 0.04260937499999999 0.05848437500000001
4 0.1595625 0.471515625 0.10315624999999998 0.2696875
4 0.200921875 0.47257812499999996 0.07596875 0.28145312499999997
1 0.194359375 0.542546875 0.20168750000000002 0.24015625000000007
0 0.364921875 0.364171875 0.03953125000000002 0.051156250000000014
4 0.363671875 0.41321874999999997 0.046656250000000024 0.14732812499999998
1 0.34245312499999997 0.498515625 0.08137499999999998 0.130875
0 0.42103124999999997 0.366 0.05534374999999998 0.07217187500000004
4 0.440609375 0.5323125 0.11954687499999998 0.40092187500000004
1 0.436171875 0.63859375 0.29193750000000007 0.3339062499999999
0 0.557265625 0.368296875 0.032781250000000026 0.038203124999999984
4 0.56121875 0.40635937499999997 0.04646875000000002 0.11623437499999997
1 0.54915625 0.50321875 0.07057812499999994 0.13834374999999993
0 0.61471875 0.37292187499999996 0.03201562500000001 0.03973437500000001
4 0.62128125 0.45973437500000003 0.05282812499999991 0.219140625
1 0.61009375 0.5200781250000001 0.09987499999999994 0.17400000000000002
0 0.743046875 0.37090625 0.02834374999999998 0.03760937499999999
0 0.66234375 0.3674375 0.030859375 0.030671874999999994
4 0.666203125 0.404234375 0.03856249999999992 0.10814062500000002
0 0.71865625 0.372546875 0.020046875000000065 0.03125
4 0.715671875 0.40626562499999996 0.03528125000000006 0.09484375000000003
1 0.670453125 0.45715625 0.06246875000000003 0.11178124999999994
4 0.746234375 0.45279687500000004 0.05592187499999994 0.19756249999999995
1 0.741984375 0.514296875 0.08599999999999994 0.15471874999999996
0 0.7880625 0.3685 0.02776562499999997 0.034734375000000026
4 0.79115625 0.4371875 0.04935937500000005 0.17020312499999996
0 0.918609375 0.3821875 0.024687499999999928 0.03703124999999998
4 0.9145625000000001 0.444046875 0.043578125000000155 0.15689062499999995
1 0.9115781249999999 0.47015624999999994 0.06653124999999989 0.13393750000000004