0 0.234578125 0.36175 0.043359375 0.06256250000000003
0 0.31074999999999997 0.3713125 0.047265625 0.06217187499999999
0 0.448046875 0.37190625 0.04453125 0.05162500000000003
4 0.233984375 0.450953125 0.08515625 0.23706250000000004
4 0.32637499999999997 0.5007343750000001 0.109765625 0.32489062500000004
1 0.31465624999999997 0.6176875 0.211328125 0.28148437499999995
1 0.44609375 0.5513125 0.1578125 0.19560937499999992
4 0.454296875 0.48687500000000006 0.08828125 0.27765625000000005
1 0.21387499999999998 0.5977812499999999 0.166015625 0.23384374999999996
0 0.61934375 0.399625 0.055078125 0.08362499999999998
0 0.65215625 0.41426562499999997 0.042578125 0.08557812499999998
4 0.6171875 0.5551875 0.109375 0.39085937499999995
4 0.68125 0.56690625 0.1125 0.38304687499999995
1 0.655671875 0.67196875 0.244921875 0.33532812500000003
0 0.87265625 0.379328125 0.0265625 0.02740625000000003
0 0.96171875 0.379328125 0.0328125 0.02740625000000003
0 0.709375 0.371328125 0.028125 0.030937500000000017
4 0.71796875 0.442375 0.0609375 0.17303125000000003
4 0.87578125 0.43671875 0.0484375 0.134375
1 0.871875 0.47753125 0.071875 0.11834375000000001
4 0.961921875 0.43340625 0.044921875 0.131640625
1 0.95528125 0.47265625 0.070703125 0.09685937500000001
0 0.73690625 0.3678125 0.032421875 0.03171875000000002