0 0.3555625 0.38421874999999994 0.040109375000000023 0.04881249999999997
4 0.370796875 0.505140625 0.08214062500000004 0.28487500000000004
1 0.36578125 0.5744374999999999 0.17239062499999996 0.24029687499999994
0 0.637671875 0.38903125 0.0296875 0.03917187499999999
4 0.643359375 0.46842187500000004 0.050718750000000055 0.19024999999999997
1 0.642109375 0.51653125 0.09640625000000007 0.14954687500000005
0 0.78671875 0.40859375 0.023140624999999915 0.03395312500000003
4 0.79434375 0.47750000000000004 0.04801562500000003 0.165953125
1 0.791734375 0.527140625 0.07943750000000005 0.14375
0 0.906265625 0.41795312500000004 0.023140624999999915 0.02759374999999995
4 0.9090624999999999 0.47778124999999994 0.042234374999999956 0.14532812499999997
1 0.903859375 0.5210625 0.058812500000000156 0.12196874999999992
0 0.9471562499999999 0.41525 0.020046874999999888 0.022187500000000072
4 0.9506249999999999 0.47220312499999995 0.03470312500000006 0.13800000000000007