0 0.09210937500000001 0.38209374999999995 0.06953125 0.07809374999999999
0 0.11381250000000001 0.36526562500000004 0.04953124999999999 0.059078125
0 0.20884375 0.366359375 0.04684375 0.04907812500000004
1 0.13528124999999996 0.6295 0.268140625 0.31671875000000005
1 0.243984375 0.5347500000000001 0.15615625 0.20775000000000005
0 0.4181875 0.39245312499999996 0.055625000000000036 0.05735937499999997
1 0.420140625 0.56975 0.16689062499999996 0.21187500000000004
0 0.5062656249999999 0.391609375 0.04148437499999993 0.053203124999999976
0 0.62215625 0.397578125 0.03415625000000002 0.04320312499999997
1 0.6187343750000001 0.5430625 0.07612500000000004 0.14628125
0 0.67778125 0.40599999999999997 0.02829687500000002 0.04782812500000002
0 0.69340625 0.405390625 0.03025000000000002 0.04906249999999997
4 0.113453125 0.529484375 0.153703125 0.37045312500000005
4 0.140171875 0.51971875 0.1315 0.3802031250000001
4 0.22690625 0.47181249999999997 0.09271874999999999 0.26731250000000006
4 0.427703125 0.5021875 0.07953124999999997 0.27679687499999994
4 0.512609375 0.46926562499999996 0.06392187499999995 0.19632812499999996
4 0.625453125 0.455375 0.05293749999999999 0.16365625
4 0.68559375 0.481703125 0.07318750000000004 0.1968125
1 0.692421875 0.569515625 0.10637500000000007 0.15773437500000007
0 0.787703125 0.42221875000000003 0.040749999999999974 0.05831250000000003
4 0.796359375 0.545109375 0.09954687499999997 0.284578125
1 0.8158749999999999 0.622671875 0.1678593750000001 0.25428125
0 0.8746875 0.40660937500000005 0.0268437500000001 0.027109375000000036
4 0.8774843750000001 0.46646875000000004 0.0544062499999999 0.14926562499999996
0 0.9676406249999999 0.41624999999999995 0.02245312499999983 0.029296875
4 0.966171875 0.440015625 0.029281250000000016 0.06951562500000001