4 0.144375 0.498234375 0.081203125 0.265140625
4 0.18734375 0.49879687500000003 0.0836875 0.27303125
1 0.16343749999999999 0.55290625 0.18023437499999997 0.2639687500000001
4 0.32246874999999997 0.5306875 0.08774999999999995 0.32104687500000006
1 0.312203125 0.6133437500000001 0.20932812500000003 0.24949999999999992
4 0.6073593749999999 0.48435937500000004 0.06654687500000005 0.21710937500000002
1 0.59925 0.54209375 0.10443750000000004 0.17918749999999992
4 0.764703125 0.462953125 0.04962499999999999 0.16976562499999998
1 0.7597343750000001 0.508171875 0.07579687499999999 0.13162500000000002
4 0.86565625 0.462953125 0.04624999999999986 0.13368750000000004
1 0.8620468750000001 0.511890625 0.06609374999999992 0.13681249999999992
4 0.9610625 0.475015625 0.0430781249999999 0.133
1 0.9565625000000001 0.5126875 0.05210937499999986 0.09554687499999996
0 0.132640625 0.393359375 0.04939062499999998 0.06559375000000003
0 0.17379687500000002 0.39321875000000006 0.04264062499999999 0.05723437500000004
0 0.314265625 0.401578125 0.050999999999999976 0.0685625
0 0.594796875 0.396046875 0.03184374999999999 0.03860937499999997
0 0.7579374999999999 0.395109375 0.031578125000000054 0.03403124999999996
0 0.86265625 0.4149375 0.035890625000000044 0.033203125
0 0.9610312499999999 0.419125 0.024828125000000156 0.033468749999999936
0 0.989625 0.41817187499999997 0.01726562499999993 0.028890625000000014