0 0.165796875 0.364359375 0.05631249999999999 0.07967187500000002
4 0.181859375 0.485546875 0.10093749999999999 0.3158125
1 0.17581249999999998 0.570078125 0.2098125 0.30134375
1 0.04453125 0.49296875 0.0890625 0.2453125
0 0.307625 0.375328125 0.03962500000000002 0.0555625
0 0.343703125 0.365734375 0.03253124999999999 0.053078125000000045
4 0.32315625 0.463078125 0.076953125 0.22689062500000007
4 0.3525625 0.45723437499999997 0.07320312500000004 0.23190624999999992
1 0.347359375 0.524890625 0.150375 0.19829687499999996
0 0.467484375 0.36646875 0.031906249999999935 0.04828124999999996
4 0.47707812499999996 0.41940625000000004 0.05943749999999994 0.15415624999999994
1 0.46518750000000003 0.49967187500000004 0.09823437500000001 0.15201562499999993
0 0.534015625 0.368546875 0.03565625000000008 0.04410937500000003
4 0.549765625 0.46703124999999995 0.07757812499999997 0.23898437500000003
1 0.539328125 0.53240625 0.14015625000000007 0.213296875
0 0.636203125 0.37146875 0.03149999999999995 0.033265625000000035
4 0.636828125 0.40596875 0.03692187499999999 0.10432812499999997
1 0.626515625 0.49040625000000004 0.05589062499999997 0.11053125000000001
0 0.692203125 0.377828125 0.04964062499999997 0.060562499999999984
4 0.71221875 0.52621875 0.11470312499999995 0.35737500000000005
1 0.705859375 0.61453125 0.2292031250000001 0.28579687499999995
0 0.781359375 0.371890625 0.02982812500000005 0.04243750000000004
4 0.7856406250000001 0.442125 0.044625000000000005 0.18707812500000004
0 0.841015625 0.370015625 0.023984374999999857 0.03451562499999996
4 0.843921875 0.42940625 0.04651562499999997 0.14914062500000003
1 0.845703125 0.483515625 0.06465625000000016 0.12596875000000002
0 0.948515625 0.384921875 0.02418750000000003 0.03304687500000001
4 0.947265625 0.43754687499999995 0.038374999999999916 0.13621875000000006
1 0.945921875 0.46860937500000005 0.0627812500000001 0.11909375000000004