0 0.171875 0.370140625 0.0625 0.08326562499999998
0 0.27890625 0.3869375 0.0734375 0.10901562499999998
4 0.17246875 0.49037499999999995 0.083203125 0.32373437499999996
1 0.1265625 0.6586875 0.190625 0.29317187499999997
4 0.29471875000000003 0.617640625 0.179296875 0.578265625
1 0.272078125 0.735203125 0.352734375 0.5086718749999999
0 0.39765625 0.3681875 0.0453125 0.07154687499999998
0 0.422859375 0.37756249999999997 0.044921875 0.07465624999999995
4 0.4078125 0.47320312500000006 0.08125 0.27376562500000007
4 0.44296875 0.49839062500000003 0.0734375 0.30459375000000005
1 0.428328125 0.5540468749999999 0.180859375 0.24012499999999992
0 0.575390625 0.38928124999999997 0.03359375 0.035609374999999985
4 0.58046875 0.446484375 0.0515625 0.146078125
1 0.57325 0.48845312500000004 0.087890625 0.15581250000000005
0 0.666796875 0.392796875 0.02890625 0.03482812499999999
4 0.67265625 0.454484375 0.0484375 0.1581875
1 0.680859375 0.511890625 0.08828125 0.14018750000000005
0 0.759375 0.386359375 0.034375 0.04146875000000003
4 0.765828125 0.456234375 0.058984375 0.18903125000000004
1 0.76153125 0.5290625 0.105078125 0.15892187500000005
0 0.79121875 0.38849999999999996 0.039453125 0.04965624999999996
0 0.907421875 0.39709374999999997 0.02578125 0.03559374999999996
4 0.911921875 0.441984375 0.038671875 0.117578125
1 0.904109375 0.49821875000000004 0.054296875 0.12067187500000003
0 0.967 0.39396875 0.031640625 0.029359374999999986
4 0.965625 0.433203125 0.040625 0.10392187499999998