0 0.1609375 0.3855625 0.071875 0.11799999999999997
0 0.218953125 0.428125 0.090234375 0.11720312499999999
4 0.18046875 0.590703125 0.1421875 0.516578125
4 0.246875 0.613171875 0.134375 0.47165625
1 0.222859375 0.71803125 0.379296875 0.4430781250000001
0 0.490625 0.39865625 0.059375 0.06996874999999995
4 0.5060625 0.5046406250000001 0.094140625 0.28584375000000006
1 0.49609375 0.59153125 0.1796875 0.28384374999999995
0 0.87403125 0.40803124999999996 0.033203125 0.04184374999999996
1 0.86190625 0.520671875 0.094921875 0.20070312500000007
0 0.9060625 0.40607812499999996 0.019140625 0.030124999999999957