0 0.383484375 0.37053125 0.03384374999999999 0.04584374999999996
4 0.38832812499999997 0.45304687499999996 0.06384374999999998 0.21085937499999993
1 0.385171875 0.5123593750000001 0.12068750000000002 0.17157812500000008
0 0.44325000000000003 0.379890625 0.031578125000000054 0.039749999999999994
4 0.44167187500000005 0.41832812500000005 0.041953125000000036 0.12337500000000001
0 0.54759375 0.393078125 0.048499999999999946 0.06385937500000001
4 0.554234375 0.45270312500000004 0.08210937499999993 0.180859375
1 0.528640625 0.58778125 0.15496874999999993 0.23895312499999993
0 0.6378125 0.42690625000000004 0.05751562500000009 0.08639062499999998
4 0.648078125 0.55765625 0.11639062500000001 0.34789062499999995
1 0.638375 0.628015625 0.21881249999999994 0.3171875
0 0.732328125 0.399390625 0.04353125000000002 0.04942187499999999
4 0.73865625 0.47818750000000004 0.07421875 0.20023437499999996
1 0.7326718750000001 0.537609375 0.10962499999999994 0.19501562500000008
0 0.948890625 0.415859375 0.04353124999999984 0.05979687499999997
4 0.95 0.5359375 0.1 0.296875
1 0.9375 0.61015625 0.125 0.2546875