2 0.029562500000000002 0.36912500000000004 0.031203124999999998 0.047562499999999994
0 0.0548125 0.38015625000000003 0.033499999999999995 0.05185937499999995
4 0.060515624999999997 0.41870312500000006 0.04237500000000001 0.11879687499999995
1 0.041874999999999996 0.5152187500000001 0.083734375 0.12660937499999997
0 0.11468750000000001 0.3821875 0.051765624999999996 0.06606250000000005
0 0.16696875 0.3918281250000001 0.05481250000000002 0.06504687500000003
1 0.164296875 0.59434375 0.21440624999999996 0.2645468749999999
0 0.20984375000000002 0.370140625 0.04415624999999999 0.04957812500000003
1 0.24815625 0.523953125 0.1055625 0.1922968750000001
0 0.4953125 0.38065625000000003 0.04160937499999999 0.04273437500000003
1 0.50165625 0.5355000000000001 0.13042187500000005 0.18746875000000002
4 0.0381875 0.44671874999999994 0.048468750000000005 0.19260937499999997
4 0.12940625 0.49959375 0.11164062499999998 0.2958124999999999
4 0.193609375 0.512140625 0.10301562500000001 0.30315624999999996
4 0.21225 0.42071875 0.06165624999999999 0.15329687500000003
4 0.501390625 0.470046875 0.06393749999999994 0.21896875
0 0.68015625 0.39587500000000003 0.03323437499999997 0.05285937500000002
4 0.687890625 0.49389062499999997 0.06648437499999993 0.23620312499999993
1 0.676984375 0.55021875 0.11062499999999993 0.20673437499999991
0 0.723671875 0.387515625 0.021312499999999977 0.031062499999999993
0 0.75653125 0.39715625 0.028671875000000034 0.04018750000000004
4 0.719609375 0.42162499999999997 0.033500000000000085 0.09673437499999996
4 0.76021875 0.45940624999999996 0.06393749999999994 0.16723437499999996
1 0.759578125 0.529296875 0.09565625000000004 0.14714062499999994
0 0.80296875 0.398046875 0.025124999999999974 0.03434375000000003
4 0.80334375 0.448125 0.03856250000000001 0.12690625000000005
0 0.852328125 0.3993125 0.019796875000000113 0.03181250000000002
0 0.86425 0.3995625 0.018265625000000084 0.027249999999999996
4 0.8556250000000001 0.4618125 0.04160937500000017 0.144140625
1 0.85409375 0.505328125 0.0588750000000001 0.13218750000000004
0 0.935921875 0.409203125 0.02715625000000017 0.036374999999999956
4 0.935921875 0.460046875 0.03729687499999983 0.13551562500000003
1 0.935421875 0.5005 0.056578125000000055 0.1174843749999999