0 0.09606250000000001 0.35745312500000004 0.04434375 0.06459374999999996
0 0.134546875 0.3615625 0.05559375000000002 0.07514062499999996
4 0.093484375 0.4105625 0.04387500000000001 0.16845312499999995
4 0.139828125 0.49484374999999997 0.10134374999999998 0.3393749999999999
1 0.13653125 0.594515625 0.2543125 0.29943749999999997
0 0.367140625 0.363671875 0.03518749999999997 0.046531249999999955
0 0.411140625 0.356515625 0.031671874999999974 0.034578124999999994
4 0.41676562500000003 0.3879375 0.06170312500000001 0.10679687499999994
4 0.37864062499999995 0.44889062500000004 0.07224999999999997 0.20993750000000003
1 0.37489062500000003 0.504484375 0.13982812500000003 0.21318750000000003
0 0.48092187500000005 0.372 0.042234374999999956 0.05614062500000001
4 0.491140625 0.47515625000000006 0.07437500000000004 0.26246875000000003
1 0.47893749999999996 0.545984375 0.13442187499999997 0.22582812499999996
0 0.534296875 0.364140625 0.029328124999999972 0.038093749999999996
0 0.582984375 0.37 0.02581249999999997 0.035734375000000006
4 0.538171875 0.39965625 0.04410937500000003 0.11146874999999996
4 0.5865 0.41889062499999996 0.04692187499999996 0.12178124999999995
1 0.578046875 0.48478125 0.086328125 0.14565625000000004
0 0.651015625 0.36778125 0.03049999999999997 0.04770312499999996
0 0.6734218750000001 0.36390625 0.030734374999999935 0.042312499999999975
0 0.635296875 0.41009375 0.06006249999999991 0.09246874999999996
4 0.652296875 0.560734375 0.11050000000000004 0.382015625
1 0.624625 0.6594843749999999 0.22404687499999998 0.3308281249999999
0 0.8501875 0.3823125 0.030031250000000044 0.03925000000000001
4 0.853703125 0.443390625 0.05114062500000003 0.15906249999999997
1 0.8473750000000001 0.48690625 0.07131250000000015 0.13581249999999995