0 0.4125 0.5421875 0.5671875 0.521875
1 0.21484375 0.3171875 0.16875 0.35625
1 0.284375 0.30859375 0.1765625 0.3859375
1 0.36015625 0.30546875 0.2 0.3765625
0 0.865625 0.7796875 0.26875 0.3625
0 0.90390625 0.35546875 0.1765625 0.2453125
0 0.76875 0.3140625 0.203125 0.2109375
1 0.90859375 0.15234375 0.11875 0.2390625
1 0.7765625 0.14140625 0.1328125 0.18125
1 0.70546875 0.15546875 0.121875 0.19375
1 0.1046875 0.240625 0.0703125 0.1125
1 0.02265625 0.2625 0.0453125 0.13125
0 0.08984375 0.328125 0.1625 0.1359375
2 0.89375 0.2515625 0.209375 0.446875
2 0.75 0.2359375 0.24375 0.3859375
2 0.3859375 0.43828125 0.584375 0.7109375
2 0.0890625 0.27890625 0.178125 0.2234375