0 0.59296875 0.528125 0.503125 0.4484375
1 0.753125 0.275 0.1171875 0.3421875
1 0.6828125 0.27734375 0.1203125 0.371875
1 0.6078125 0.2859375 0.1453125 0.3578125
0 0.1484375 0.8390625 0.28984375 0.321875
0 0.078125 0.4203125 0.14296875 0.22578125
0 0.20546875 0.35859375 0.1765625 0.1859375
1 0.0421875 0.2203125 0.084375 0.22890625
1 0.17109375 0.1890625 0.1078125 0.16640625
1 0.24296875 0.1921875 0.0953125 0.18125
1 0.85 0.18203125 0.05390625 0.10546875
1 0.9515625 0.18828125 0.06171875 0.12265625
0 0.878125 0.26640625 0.14609375 0.11484375
2 0.071875 0.31640625 0.14375 0.4296875
2 0.21171875 0.278125 0.1890625 0.36015625
2 0.603125 0.42109375 0.490625 0.6421875
2 0.8796875 0.2171875 0.165625 0.2