0 0.4078125 0.53125 0.51875 0.465625
1 0.2390625 0.28359375 0.1296875 0.3453125
1 0.309375 0.28359375 0.1328125 0.3765625
1 0.38515625 0.28984375 0.1578125 0.3625
0 0.85625 0.8265625 0.2875 0.33125
0 0.91875 0.40546875 0.15 0.23125
0 0.7890625 0.3484375 0.1828125 0.1921875
1 0.94765625 0.2046875 0.0921875 0.23125
1 0.81796875 0.178125 0.1140625 0.1703125
1 0.74609375 0.18359375 0.1015625 0.184375
1 0.1390625 0.19453125 0.0578125 0.1078125
1 0.0375 0.20390625 0.065625 0.125
0 0.1140625 0.2796875 0.15 0.1203125
2 0.9203125 0.3015625 0.159375 0.434375
2 0.78046875 0.26796875 0.2015625 0.3671875
2 0.39453125 0.425 0.5125 0.659375
2 0.1109375 0.23046875 0.171875 0.20625