1 0.71484375 0.43359375 0.0234375 0.0578125
1 0.70703125 0.4125 0.0078125 0.015625
0 0.71953125 0.46796875 0.021875 0.046875
0 0.425 0.409375 0.0203125 0.0453125
0 0.35859375 0.3734375 0.01875 0.040625
0 0.34375 0.40234375 0.0171875 0.0390625
1 0.4203125 0.38125 0.0171875 0.028125
1 0.35546875 0.34765625 0.0171875 0.0265625
1 0.3390625 0.37734375 0.0140625 0.0265625
1 0.334375 0.3671875 0.0078125 0.0140625
0 0.34375 0.290625 0.015625 0.0265625
1 0.3421875 0.27109375 0.0140625 0.021875
0 0.55703125 0.7953125 0.059375 0.1640625
1 0.540625 0.69609375 0.0765625 0.11875
0 0.9328125 0.46640625 0.025 0.0453125
1 0.92578125 0.425 0.0234375 0.0484375
2 0.9265625 0.440625 0.0328125 0.090625
2 0.71640625 0.44375 0.034375 0.0875
2 0.55234375 0.75234375 0.0953125 0.2515625
2 0.421875 0.39921875 0.0265625 0.0734375
2 0.35703125 0.36328125 0.0234375 0.0625
2 0.340625 0.39140625 0.021875 0.065625
2 0.34296875 0.2828125 0.01875 0.0484375