1 0.01953125 0.80859375 0.0390625 0.2203125
1 0.03125 0.834375 0.0625 0.178125
1 0.04375 0.81796875 0.0875 0.2171875
0 0.11171875 0.84453125 0.128125 0.2
1 0.11171875 0.7875 0.0921875 0.2390625
0 0.63671875 0.53125 0.03125 0.0703125
1 0.64453125 0.48828125 0.0265625 0.0453125
0 0.64609375 0.3703125 0.01875 0.0390625
1 0.65078125 0.34375 0.0171875 0.0234375
0 0.34375 0.34140625 0.01875 0.0328125
1 0.34765625 0.31796875 0.015625 0.0265625
2 0.04140625 0.80703125 0.0828125 0.2390625
2 0.12109375 0.80234375 0.1375 0.2859375
2 0.64140625 0.5125 0.04375 0.1109375
2 0.34453125 0.3296875 0.0296875 0.0703125
2 0.64765625 0.3546875 0.0328125 0.0765625