0 0.24140625 0.490625 0.01484375 0.04296875
1 0.2421875 0.453125 0.01640625 0.04375
1 0.55078125 0.590625 0.04296875 0.0734375
1 0.5796875 0.47109375 0.02109375 0.034375
0 0.578125 0.5203125 0.021875 0.07578125
0 0.5515625 0.6703125 0.02890625 0.115625
0 0.5921875 0.2546875 0.0109375 0.0203125
1 0.5921875 0.2390625 0.0078125 0.01328125
2 0.55078125 0.64453125 0.05078125 0.1703125
2 0.2421875 0.47109375 0.02109375 0.09375
2 0.57890625 0.49765625 0.02421875 0.09765625
2 0.590625 0.24375 0.01484375 0.05