1 0.79296875 0.90703125 0.0890625 0.1734375
1 0.74609375 0.9140625 0.0734375 0.171875
0 0.80546875 0.9609375 0.1015625 0.078125
0 0.3625 0.65234375 0.0421875 0.11875
1 0.365625 0.58046875 0.0359375 0.0796875
1 0.36953125 0.37265625 0.015625 0.0265625
0 0.36875 0.4015625 0.0140625 0.0453125
0 0.403125 0.278125 0.009375 0.0328125
1 0.40546875 0.26015625 0.0140625 0.0203125
2 0.7859375 0.90546875 0.159375 0.1890625
2 0.3625 0.63046875 0.046875 0.1765625
2 0.36796875 0.3921875 0.021875 0.0703125
2 0.40390625 0.27421875 0.015625 0.053125