0 0.37109375 0.5265625 0.0296875 0.071875
1 0.375 0.490625 0.0140625 0.021875
1 0.37578125 0.47890625 0.025 0.040625
1 0.378125 0.46328125 0.015625 0.0265625
0 0.36171875 0.46796875 0.025 0.0609375
1 0.3671875 0.43046875 0.025 0.0375
0 0.85703125 0.54453125 0.021875 0.0453125
1 0.8609375 0.5203125 0.025 0.06875
0 0.43203125 0.2671875 0.0140625 0.03125
1 0.4359375 0.24375 0.0140625 0.021875
0 0.45234375 0.2421875 0.0109375 0.025
1 0.45703125 0.22265625 0.0125 0.0203125
1 0.44296875 0.22421875 0.0140625 0.021875
0 0.440625 0.24765625 0.009375 0.0265625
2 0.86171875 0.52421875 0.0265625 0.08125
2 0.37421875 0.50625 0.040625 0.115625
2 0.3625 0.4546875 0.0296875 0.0890625
2 0.43359375 0.25859375 0.01875 0.046875
2 0.45546875 0.23359375 0.0171875 0.04375
2 0.44296875 0.2359375 0.0140625 0.046875