0 0.625 0.5859375 0.021875 0.07109375
1 0.62421875 0.54375 0.01796875 0.02578125
1 0.62578125 0.53125 0.02265625 0.04296875
1 0.62734375 0.55 0.0265625 0.103125
0 0.62265625 0.503125 0.01484375 0.02578125
1 0.62265625 0.47890625 0.02265625 0.03671875
1 0.60390625 0.2890625 0.01171875 0.021875
0 0.6046875 0.3125 0.01015625 0.034375
0 0.6140625 0.28203125 0.00859375 0.03203125
1 0.61328125 0.2578125 0.01171875 0.02421875
0 0.6015625 0.26328125 0.01015625 0.0296875
1 0.6 0.24375 0.01015625 0.0203125
0 0.1765625 0.471875 0.0125 0.0390625
1 0.1765625 0.4359375 0.0125 0.0359375
2 0.17734375 0.45546875 0.01328125 0.08203125
2 0.60078125 0.25625 0.01171875 0.046875
2 0.6140625 0.2703125 0.01171875 0.053125
2 0.6046875 0.303125 0.0109375 0.05390625
2 0.62265625 0.4953125 0.0234375 0.07421875
2 0.625 0.56796875 0.03359375 0.121875