1 0.27734375 0.46796875 0.01484375 0.05546875
1 0.28203125 0.44609375 0.00546875 0.015625
0 0.278125 0.50234375 0.01484375 0.04453125
0 0.56015625 0.3984375 0.01328125 0.04375
0 0.61953125 0.353125 0.01328125 0.03828125
0 0.6390625 0.37890625 0.01171875 0.03828125
1 0.56015625 0.3703125 0.0125 0.0265625
1 0.61875 0.3265625 0.0140625 0.025
1 0.63984375 0.35390625 0.01015625 0.025
1 0.64296875 0.34296875 0.00546875 0.01328125
0 0.621875 0.26875 0.01171875 0.025
1 0.6203125 0.24921875 0.01015625 0.02109375
0 0.48984375 0.80078125 0.034375 0.1609375
1 0.490625 0.7 0.06015625 0.1109375
0 0.0671875 0.534375 0.01796875 0.04296875
1 0.06796875 0.4921875 0.01640625 0.046875
2 0.06953125 0.5078125 0.01953125 0.0890625
2 0.27734375 0.478125 0.02109375 0.0859375
2 0.4875 0.7578125 0.05703125 0.24609375
2 0.56171875 0.38828125 0.015625 0.07265625
2 0.61953125 0.34296875 0.0140625 0.0609375
2 0.640625 0.36796875 0.01171875 0.0640625
2 0.62109375 0.2609375 0.01171875 0.04765625