0 0.503125 0.63671875 0.0203125 0.0625
1 0.5046875 0.58671875 0.0421875 0.0734375
1 0.45546875 0.4671875 0.0328125 0.0578125
1 0.384375 0.440625 0.01875 0.0359375
1 0.38046875 0.43359375 0.0140625 0.0296875
1 0.3546875 0.378125 0.0203125 0.03125
0 0.45546875 0.5125 0.03125 0.0828125
0 0.38125 0.4765625 0.0265625 0.0671875
0 0.35390625 0.403125 0.0203125 0.05
2 0.50546875 0.60390625 0.04375 0.11875
2 0.45625 0.49453125 0.040625 0.115625
2 0.38203125 0.46328125 0.0328125 0.096875
2 0.35546875 0.38984375 0.0265625 0.0765625