0 0.13515625 0.53125 0.01875 0.05703125
1 0.13671875 0.48671875 0.021875 0.04921875
1 0.5953125 0.5890625 0.04296875 0.071875
0 0.5953125 0.6609375 0.03828125 0.1265625
0 0.63046875 0.35859375 0.01171875 0.0453125
1 0.63125 0.33203125 0.015625 0.0265625
0 0.5984375 0.25078125 0.0125 0.028125
1 0.596875 0.23046875 0.0109375 0.01796875
2 0.13515625 0.5046875 0.0265625 0.09765625
2 0.59375 0.63203125 0.0375 0.16640625
2 0.63046875 0.3484375 0.015625 0.06640625
2 0.5984375 0.2421875 0.01171875 0.046875