1 0.9703125 0.85234375 0.059375 0.2171875
1 0.946875 0.87578125 0.06875 0.1765625
1 0.93125 0.8578125 0.08125 0.2140625
0 0.98203125 0.9359375 0.0359375 0.046875
0 0.85703125 0.87734375 0.1140625 0.1921875
1 0.8625 0.8203125 0.071875 0.2375
0 0.3609375 0.51953125 0.025 0.06875
1 0.35703125 0.47578125 0.021875 0.04375
0 0.36640625 0.3578125 0.015625 0.0390625
1 0.3640625 0.33125 0.015625 0.021875
0 0.66953125 0.35546875 0.015625 0.03125
1 0.66796875 0.33125 0.0140625 0.025
2 0.9484375 0.84921875 0.103125 0.2296875
2 0.85078125 0.83359375 0.115625 0.2796875
2 0.3578125 0.5 0.034375 0.109375
2 0.66953125 0.34375 0.0234375 0.0703125
2 0.365625 0.3421875 0.0265625 0.075