0 0.54375 0.49296875 0.021875 0.0546875
1 0.54609375 0.45234375 0.0171875 0.040625
1 0.5515625 0.4359375 0.00625 0.01875
0 0.5875 0.3984375 0.0125 0.0453125
1 0.5890625 0.36875 0.01875 0.0328125
0 0.6359375 0.29375 0.0125 0.0328125
1 0.6359375 0.26953125 0.0109375 0.0203125
0 0.28203125 0.40859375 0.0140625 0.0296875
1 0.2828125 0.38125 0.0171875 0.0375
1 0.28671875 0.371875 0.009375 0.021875
2 0.2828125 0.3921875 0.01875 0.0640625
2 0.54609375 0.475 0.025 0.0984375
2 0.58828125 0.38671875 0.0203125 0.071875
2 0.6375 0.2859375 0.015625 0.0546875