1 0.653125 0.68203125 0.02265625 0.03671875
1 0.6546875 0.70234375 0.046875 0.14921875
1 0.65546875 0.696875 0.05703125 0.17578125
0 0.65625 0.759375 0.04296875 0.140625
0 0.540625 0.69296875 0.03828125 0.11640625
1 0.54296875 0.6125 0.03984375 0.0765625
0 0.609375 0.45390625 0.01484375 0.053125
1 0.609375 0.41796875 0.0140625 0.03359375
0 0.59609375 0.40625 0.01171875 0.04296875
0 0.5828125 0.38359375 0.01015625 0.04296875
1 0.58359375 0.35703125 0.0125 0.0296875
1 0.5953125 0.371875 0.0140625 0.03515625
0 0.63671875 0.28671875 0.00703125 0.03125
1 0.63515625 0.26171875 0.01015625 0.02109375
0 0.28359375 0.40234375 0.0125 0.03203125
1 0.28125 0.371875 0.0140625 0.03203125
2 0.28203125 0.38828125 0.01328125 0.059375
2 0.6359375 0.2734375 0.0109375 0.05
2 0.5828125 0.3734375 0.0125 0.0609375
2 0.59609375 0.390625 0.01328125 0.07109375
2 0.609375 0.44140625 0.015625 0.0859375
2 0.54140625 0.66484375 0.0453125 0.17734375
2 0.653125 0.71796875 0.0578125 0.21875