0 0.45703125 0.48828125 0.0234375 0.05625
1 0.459375 0.44765625 0.01875 0.0421875
1 0.45546875 0.43125 0.0078125 0.01875
0 0.42421875 0.38984375 0.0140625 0.0453125
1 0.425 0.36015625 0.0203125 0.0328125
0 0.3859375 0.28046875 0.0140625 0.0328125
1 0.38828125 0.25625 0.0109375 0.0203125
0 0.7265625 0.43203125 0.0140625 0.0296875
1 0.728125 0.4046875 0.01875 0.0390625
1 0.72578125 0.3953125 0.0109375 0.021875
2 0.72734375 0.415625 0.021875 0.0640625
2 0.45703125 0.4703125 0.028125 0.1
2 0.42421875 0.378125 0.0234375 0.0734375
2 0.3859375 0.27265625 0.0171875 0.05625