0 0.3703125 0.52421875 0.0296875 0.071875
1 0.375 0.48828125 0.0140625 0.021875
1 0.3765625 0.4765625 0.025 0.040625
1 0.37890625 0.4609375 0.015625 0.0265625
0 0.3625 0.465625 0.025 0.0609375
1 0.36796875 0.428125 0.025 0.0375
0 0.85625 0.55078125 0.021875 0.0453125
1 0.86015625 0.5265625 0.0265625 0.06875
0 0.4359375 0.265625 0.0140625 0.03125
1 0.440625 0.24296875 0.0140625 0.021875
0 0.45703125 0.24140625 0.0109375 0.0265625
1 0.46171875 0.221875 0.0125 0.0203125
1 0.4484375 0.2234375 0.0140625 0.021875
0 0.4453125 0.246875 0.0109375 0.0265625
2 0.86171875 0.53046875 0.028125 0.08125
2 0.37421875 0.50390625 0.04375 0.115625
2 0.36328125 0.45234375 0.03125 0.0890625
2 0.43828125 0.2578125 0.01875 0.046875
2 0.46015625 0.2328125 0.01875 0.04375
2 0.44765625 0.234375 0.0140625 0.046875