1 0.725 0.50703125 0.025 0.0578125
1 0.72421875 0.484375 0.0078125 0.015625
0 0.71796875 0.540625 0.021875 0.046875
0 0.45859375 0.38984375 0.0203125 0.0453125
0 0.4078125 0.334375 0.0203125 0.040625
0 0.384375 0.35625 0.01875 0.0390625
1 0.46328125 0.36171875 0.0171875 0.028125
1 0.41328125 0.30859375 0.01875 0.0265625
1 0.3875 0.33203125 0.0140625 0.0265625
1 0.38671875 0.3203125 0.0078125 0.0140625
0 0.4203125 0.25078125 0.015625 0.0265625
1 0.425 0.23203125 0.0140625 0.021875
0 0.4578125 0.79765625 0.0625 0.1640625
1 0.47421875 0.6984375 0.078125 0.1203125
0 0.9203125 0.609375 0.025 0.0453125
1 0.9265625 0.5671875 0.025 0.0484375
2 0.92265625 0.5828125 0.034375 0.090625
2 0.7234375 0.5171875 0.0359375 0.0890625
2 0.4671875 0.75625 0.0984375 0.2515625
2 0.45859375 0.37890625 0.028125 0.075
2 0.409375 0.32421875 0.025 0.0625
2 0.384375 0.3453125 0.0234375 0.065625
2 0.421875 0.24375 0.0203125 0.0484375