0 0.43359375 0.928125 0.1015625 0.14375
1 0.43359375 0.88125 0.1078125 0.234375
1 0.3921875 0.8765625 0.0734375 0.2296875
0 0.9328125 0.57578125 0.0234375 0.046875
1 0.93984375 0.5375 0.0203125 0.046875
1 0.93203125 0.5296875 0.0234375 0.046875
2 0.93125 0.55078125 0.0375 0.09375
1 0.85234375 0.496875 0.0203125 0.0484375
0 0.84765625 0.5390625 0.021875 0.046875
2 0.8515625 0.5171875 0.0296875 0.09375
0 0.74765625 0.46328125 0.01875 0.040625
1 0.75078125 0.4296875 0.0203125 0.04375
2 0.746875 0.4453125 0.03125 0.078125
2 0.42421875 0.875 0.140625 0.2265625