1 0.04609375 0.89453125 0.07421875 0.2109375
1 0.0875 0.91328125 0.05390625 0.171875
1 0.1015625 0.89375 0.06328125 0.20859375
0 0.03671875 0.978125 0.0734375 0.040625
0 0.17734375 0.90703125 0.09765625 0.18515625
1 0.1671875 0.85078125 0.0515625 0.234375
0 0.63984375 0.50703125 0.01953125 0.06796875
1 0.640625 0.46328125 0.01875 0.04296875
0 0.62109375 0.346875 0.01171875 0.03828125
1 0.62109375 0.3203125 0.01328125 0.02109375
0 0.31875 0.37109375 0.01328125 0.03046875
1 0.31796875 0.346875 0.01171875 0.02421875
2 0.06328125 0.88984375 0.12578125 0.2203125
2 0.1796875 0.86328125 0.0921875 0.2734375
2 0.64140625 0.4875 0.025 0.1078125
2 0.3171875 0.359375 0.01796875 0.06875
2 0.6203125 0.33125 0.0203125 0.0734375