0 0.54375 0.75625 0.0875 0.165625
1 0.54609375 0.71328125 0.08125 0.1921875
1 0.55390625 0.7046875 0.0859375 0.2
0 0.6375 0.365625 0.021875 0.0453125
1 0.6421875 0.34296875 0.0203125 0.03125
1 0.67734375 0.27578125 0.0140625 0.025
0 0.675 0.29296875 0.015625 0.034375
0 0.63359375 0.27109375 0.0203125 0.0328125
1 0.63671875 0.25078125 0.015625 0.021875
2 0.55078125 0.721875 0.1015625 0.24375
2 0.63984375 0.3578125 0.0296875 0.0734375
2 0.63515625 0.2625 0.0234375 0.05
2 0.67734375 0.2875 0.0234375 0.0546875