0 0.478125 0.93203125 0.0875 0.1359375
1 0.4734375 0.8859375 0.084375 0.2265625
1 0.43203125 0.8859375 0.05 0.2265625
0 0.93828125 0.53046875 0.01875 0.0453125
1 0.94140625 0.49140625 0.015625 0.046875
1 0.93203125 0.484375 0.01875 0.0453125
2 0.934375 0.50546875 0.0296875 0.0921875
1 0.85 0.46015625 0.015625 0.0484375
0 0.85 0.50234375 0.0171875 0.046875
2 0.8515625 0.48046875 0.0203125 0.0921875
0 0.7421875 0.4375 0.0140625 0.0390625
1 0.7421875 0.40390625 0.015625 0.0421875
2 0.73984375 0.41953125 0.0234375 0.0765625
2 0.46328125 0.88046875 0.11875 0.215625