0 0.62421875 0.54453125 0.01953125 0.06953125
1 0.625 0.5078125 0.0109375 0.0203125
1 0.62578125 0.49609375 0.01953125 0.03828125
1 0.62578125 0.48046875 0.01171875 0.025
0 0.64140625 0.4875 0.01640625 0.059375
1 0.64140625 0.45 0.0203125 0.034375
0 0.13984375 0.49453125 0.015625 0.04375
1 0.13984375 0.46953125 0.01640625 0.06640625
0 0.6 0.27890625 0.009375 0.03046875
1 0.59921875 0.25546875 0.0109375 0.02109375
0 0.5828125 0.2515625 0.00703125 0.025
1 0.58125 0.23125 0.01015625 0.01875
1 0.59453125 0.23515625 0.01171875 0.0203125
0 0.59375 0.25859375 0.00625 0.0265625
2 0.13828125 0.4734375 0.01640625 0.0796875
2 0.6234375 0.5234375 0.02578125 0.11328125
2 0.6421875 0.47421875 0.01796875 0.0875
2 0.59921875 0.2703125 0.0125 0.0453125
2 0.58125 0.2421875 0.01171875 0.04296875
2 0.59296875 0.24609375 0.00703125 0.04609375