1 0.64140625 0.62890625 0.01796875 0.034375
1 0.64140625 0.6140625 0.0359375 0.06328125
1 0.64140625 0.634375 0.04375 0.140625
0 0.64296875 0.690625 0.02890625 0.121875
0 0.58203125 0.61953125 0.02734375 0.09609375
1 0.58515625 0.55859375 0.03203125 0.05859375
0 0.609375 0.4109375 0.01171875 0.040625
1 0.609375 0.378125 0.01328125 0.0296875
0 0.60703125 0.35703125 0.01015625 0.025
1 0.6078125 0.3328125 0.0125 0.03046875
1 0.5984375 0.31171875 0.01171875 0.0203125
0 0.5984375 0.33671875 0.00625 0.034375
1 0.61796875 0.24375 0.00859375 0.01953125
0 0.61875 0.2640625 0.00859375 0.034375
0 0.2515625 0.42421875 0.0125 0.03125
1 0.2515625 0.40078125 0.0109375 0.04375
2 0.25078125 0.41015625 0.01640625 0.07109375
2 0.5828125 0.5921875 0.0328125 0.1390625
2 0.6421875 0.66171875 0.0515625 0.20390625
2 0.609375 0.396875 0.0140625 0.06484375
2 0.5984375 0.3296875 0.01015625 0.053125
2 0.61875 0.25546875 0.01015625 0.0453125