0 0.42109375 0.74765625 0.0671875 0.159375
1 0.42421875 0.70546875 0.05625 0.1875
1 0.41875 0.6953125 0.059375 0.1953125
0 0.3828125 0.34765625 0.015625 0.04375
1 0.38125 0.325 0.015625 0.0296875
1 0.35546875 0.253125 0.0109375 0.0234375
0 0.35546875 0.2703125 0.0109375 0.034375
0 0.39921875 0.2546875 0.015625 0.03125
1 0.39921875 0.23359375 0.0125 0.0203125
2 0.41875 0.7125 0.0703125 0.2390625
2 0.38125 0.33984375 0.0203125 0.071875
2 0.39921875 0.24609375 0.0171875 0.0484375
2 0.35390625 0.26484375 0.0171875 0.053125