0 0.4984375 0.63671875 0.021875 0.0640625
1 0.5015625 0.58671875 0.04375 0.075
1 0.45703125 0.465625 0.034375 0.0578125
1 0.3859375 0.43671875 0.0203125 0.0359375
1 0.3828125 0.42890625 0.0140625 0.03125
1 0.359375 0.3734375 0.0203125 0.03125
0 0.45546875 0.5109375 0.034375 0.0828125
0 0.38203125 0.471875 0.0296875 0.06875
0 0.3578125 0.3984375 0.021875 0.0515625
2 0.50234375 0.6046875 0.046875 0.1203125
2 0.45625 0.49296875 0.04375 0.115625
2 0.3828125 0.45859375 0.0359375 0.0984375
2 0.359375 0.38515625 0.0296875 0.0765625