1 0.378125 0.64765625 0.021875 0.0359375
1 0.37578125 0.6328125 0.04375 0.0671875
1 0.37890625 0.653125 0.0625 0.1453125
0 0.38515625 0.70859375 0.0453125 0.125
0 0.43515625 0.6296875 0.040625 0.0984375
1 0.4234375 0.56953125 0.040625 0.0625
0 0.37890625 0.42734375 0.0171875 0.0421875
1 0.375 0.39453125 0.0171875 0.03125
0 0.37421875 0.3734375 0.0140625 0.0265625
1 0.3703125 0.34921875 0.0171875 0.03125
1 0.3765625 0.32734375 0.0140625 0.021875
0 0.3796875 0.35234375 0.0109375 0.034375
1 0.34765625 0.2625 0.0109375 0.0203125
0 0.34921875 0.2828125 0.0140625 0.0359375
0 0.73515625 0.390625 0.0171875 0.0328125
1 0.73203125 0.3671875 0.0171875 0.0453125
2 0.734375 0.3765625 0.0265625 0.0734375
2 0.43046875 0.603125 0.0515625 0.1421875
2 0.38203125 0.6796875 0.0796875 0.209375
2 0.37734375 0.41328125 0.0234375 0.065625
2 0.37890625 0.3453125 0.0171875 0.0546875
2 0.3484375 0.27421875 0.015625 0.046875