1 0.540625 0.71015625 0.059375 0.1078125
0 0.53046875 0.83671875 0.08125 0.1921875
1 0.51953125 0.6046875 0.04375 0.0828125
0 0.5109375 0.69453125 0.0328125 0.109375
0 0.428125 0.659375 0.0390625 0.115625
1 0.434375 0.5859375 0.0390625 0.065625
0 0.64453125 0.4546875 0.0171875 0.0515625
1 0.64609375 0.4265625 0.009375 0.0140625
1 0.64765625 0.4140625 0.0171875 0.0296875
0 0.24296875 0.42734375 0.01875 0.034375
1 0.24453125 0.3921875 0.015625 0.0375
0 0.6375 0.28828125 0.0125 0.0359375
1 0.63828125 0.26484375 0.009375 0.015625
2 0.2421875 0.40859375 0.025 0.075
2 0.63828125 0.2796875 0.015625 0.0546875
2 0.64609375 0.44140625 0.0234375 0.084375
2 0.42734375 0.6390625 0.0515625 0.1703125
2 0.51171875 0.65546875 0.0484375 0.1890625
2 0.53515625 0.79765625 0.0890625 0.278125