1 0.19296875 0.896875 0.08359375 0.1703125
1 0.23984375 0.90859375 0.06796875 0.17578125
0 0.178125 0.95546875 0.0984375 0.084375
0 0.63203125 0.65703125 0.03828125 0.11796875
1 0.63125 0.58515625 0.03359375 0.07890625
1 0.63515625 0.37734375 0.01484375 0.0265625
0 0.634375 0.40625 0.01171875 0.0453125
0 0.6046875 0.28203125 0.00859375 0.03203125
1 0.603125 0.26328125 0.01328125 0.01953125
2 0.2 0.9015625 0.153125 0.196875
2 0.6328125 0.63515625 0.040625 0.175
2 0.6359375 0.396875 0.01875 0.06953125
2 0.60390625 0.27734375 0.0140625 0.05234375