0 0.5875 0.74453125 0.06171875 0.15703125
1 0.5828125 0.70234375 0.04921875 0.1859375
1 0.58828125 0.6921875 0.053125 0.19296875
0 0.61171875 0.34375 0.01484375 0.04375
1 0.6125 0.32109375 0.01484375 0.02890625
1 0.6359375 0.2484375 0.009375 0.0234375
0 0.63671875 0.265625 0.01015625 0.03359375
0 0.5921875 0.2515625 0.01484375 0.03046875
1 0.59140625 0.23046875 0.0125 0.01953125
2 0.58828125 0.709375 0.06171875 0.23671875
2 0.61328125 0.3359375 0.0171875 0.07109375
2 0.5921875 0.24296875 0.01484375 0.0484375
2 0.6375 0.26015625 0.01484375 0.053125