0 0.4921875 0.63671875 0.01796875 0.0625
1 0.4921875 0.58671875 0.0390625 0.071875
1 0.5453125 0.46875 0.03046875 0.05625
1 0.61796875 0.44453125 0.01796875 0.03515625
1 0.621875 0.4375 0.0125 0.0296875
1 0.64921875 0.38359375 0.01875 0.03046875
0 0.54375 0.5140625 0.02890625 0.08125
0 0.61953125 0.48046875 0.025 0.06640625
0 0.64921875 0.40859375 0.01796875 0.05
2 0.490625 0.60390625 0.0390625 0.11796875
2 0.54375 0.49609375 0.0359375 0.1140625
2 0.61953125 0.4671875 0.0296875 0.09609375
2 0.6484375 0.3953125 0.02421875 0.07578125