0 0.38671875 0.60078125 0.0296875 0.0734375
1 0.38203125 0.55859375 0.0203125 0.028125
1 0.37890625 0.54609375 0.028125 0.0453125
1 0.3796875 0.56484375 0.0390625 0.10625
0 0.37890625 0.51796875 0.0171875 0.028125
1 0.37578125 0.49375 0.0265625 0.0390625
1 0.37109375 0.303125 0.0140625 0.0234375
0 0.3734375 0.3265625 0.0140625 0.0359375
0 0.36015625 0.29765625 0.0125 0.0328125
1 0.3578125 0.2734375 0.0140625 0.025
0 0.3703125 0.27734375 0.0140625 0.03125
1 0.36953125 0.2578125 0.0125 0.021875
0 0.81796875 0.4328125 0.0171875 0.040625
1 0.81328125 0.396875 0.0171875 0.0375
2 0.81484375 0.41640625 0.0234375 0.0828125
2 0.3703125 0.2703125 0.0171875 0.0484375
2 0.35859375 0.2859375 0.01875 0.0546875
2 0.371875 0.3171875 0.0171875 0.0546875
2 0.37734375 0.51015625 0.0328125 0.0765625
2 0.384375 0.5828125 0.0484375 0.125