1 0.67109375 0.66484375 0.0265625 0.0390625
1 0.675 0.68515625 0.0625 0.153125
1 0.675 0.6796875 0.075 0.18125
0 0.6828125 0.74140625 0.0578125 0.14375
0 0.5609375 0.6875 0.05 0.1203125
1 0.5546875 0.60703125 0.046875 0.0796875
0 0.60390625 0.44296875 0.0203125 0.0546875
1 0.6 0.40703125 0.0171875 0.034375
0 0.5859375 0.396875 0.015625 0.04375
0 0.5703125 0.37578125 0.0140625 0.04375
1 0.56796875 0.34921875 0.015625 0.03125
1 0.58125 0.3625 0.0171875 0.0359375
0 0.6140625 0.2734375 0.0109375 0.03125
1 0.609375 0.24921875 0.0125 0.021875
0 0.27421875 0.42578125 0.015625 0.0328125
1 0.26875 0.3953125 0.0171875 0.0328125
2 0.271875 0.41171875 0.01875 0.0609375
2 0.61171875 0.26015625 0.015625 0.0515625
2 0.56875 0.365625 0.01875 0.0625
2 0.584375 0.38125 0.0203125 0.071875
2 0.60234375 0.43046875 0.025 0.0875
2 0.55859375 0.659375 0.0640625 0.18125
2 0.675 0.70078125 0.0796875 0.2234375