1 0.66171875 0.60234375 0.0234375 0.0375
1 0.659375 0.5875 0.046875 0.06875
1 0.6625 0.6078125 0.0671875 0.1453125
0 0.67421875 0.66328125 0.05 0.125
0 0.6015625 0.603125 0.04375 0.1
1 0.59375 0.54296875 0.0421875 0.0625
0 0.5921875 0.39296875 0.01875 0.0421875
1 0.58671875 0.3609375 0.01875 0.03125
0 0.58046875 0.340625 0.0140625 0.0265625
1 0.57734375 0.31640625 0.0171875 0.0328125
1 0.5640625 0.29765625 0.015625 0.021875
0 0.56875 0.321875 0.0125 0.034375
1 0.571875 0.22734375 0.0125 0.0203125
0 0.57578125 0.246875 0.0140625 0.0359375
0 0.2421875 0.46875 0.0171875 0.0328125
1 0.23828125 0.4453125 0.01875 0.0453125
2 0.2390625 0.4546875 0.028125 0.0734375
2 0.59765625 0.5765625 0.05625 0.1421875
2 0.66796875 0.634375 0.0859375 0.209375
2 0.58984375 0.3796875 0.025 0.065625
2 0.5671875 0.31484375 0.01875 0.0546875
2 0.57421875 0.23828125 0.0171875 0.046875