0 0.53046875 0.58359375 0.0421875 0.1015625
1 0.52734375 0.53359375 0.0359375 0.0578125
0 0.553125 0.45390625 0.0234375 0.0625
1 0.54765625 0.4171875 0.0234375 0.0359375
1 0.615625 0.4015625 0.01875 0.0328125
1 0.61796875 0.38828125 0.0140625 0.025
0 0.61875 0.43515625 0.03125 0.059375
0 0.6390625 0.3546875 0.01875 0.04375
1 0.63671875 0.32734375 0.0140625 0.028125
2 0.5265625 0.553125 0.04375 0.1015625
2 0.54921875 0.43984375 0.0375 0.1
2 0.6171875 0.415625 0.0390625 0.0953125
2 0.63671875 0.34296875 0.0296875 0.0734375