0 0.54375 0.49140625 0.01953125 0.0546875
1 0.54453125 0.45078125 0.01640625 0.040625
1 0.54921875 0.434375 0.00625 0.01875
0 0.58359375 0.3953125 0.01171875 0.04453125
1 0.584375 0.365625 0.01796875 0.03203125
0 0.62890625 0.2890625 0.01171875 0.03203125
1 0.628125 0.26484375 0.01015625 0.01953125
0 0.27890625 0.41640625 0.0125 0.02890625
1 0.27890625 0.3890625 0.015625 0.0375
1 0.28203125 0.3796875 0.009375 0.02109375
2 0.27890625 0.4 0.0171875 0.06328125
2 0.5453125 0.4734375 0.02109375 0.0984375
2 0.584375 0.38359375 0.01796875 0.071875
2 0.6296875 0.28125 0.01328125 0.0546875