0 0.61015625 0.6046875 0.0328125 0.0734375
1 0.615625 0.5625 0.021875 0.028125
1 0.61953125 0.55078125 0.0296875 0.0453125
1 0.61796875 0.56953125 0.0421875 0.10625
0 0.6203125 0.52265625 0.01875 0.028125
1 0.62421875 0.4984375 0.028125 0.0390625
1 0.6359375 0.3078125 0.015625 0.0234375
0 0.6328125 0.33125 0.015625 0.0359375
0 0.646875 0.30234375 0.0140625 0.0328125
1 0.65 0.278125 0.015625 0.025
0 0.6375 0.28203125 0.0140625 0.03125
1 0.6390625 0.2625 0.0125 0.021875
0 0.18515625 0.421875 0.01875 0.040625
1 0.190625 0.3859375 0.0171875 0.0375
2 0.18828125 0.40546875 0.0265625 0.0828125
2 0.6375 0.275 0.01875 0.0484375
2 0.6484375 0.290625 0.0203125 0.0546875
2 0.634375 0.321875 0.01875 0.0546875
2 0.621875 0.51484375 0.034375 0.0765625
2 0.6125 0.58671875 0.0515625 0.125