1 0.646875 0.6875 0.0234375 0.0375
1 0.64765625 0.7078125 0.0515625 0.15
1 0.6484375 0.70234375 0.0625 0.178125
0 0.646875 0.76484375 0.0484375 0.1421875
0 0.53359375 0.69453125 0.0421875 0.1171875
1 0.5390625 0.6140625 0.0421875 0.078125
0 0.6109375 0.4578125 0.0171875 0.053125
1 0.6125 0.421875 0.015625 0.034375
0 0.59921875 0.409375 0.0125 0.04375
0 0.58671875 0.38671875 0.0109375 0.04375
1 0.58828125 0.36015625 0.0140625 0.0296875
1 0.6 0.375 0.015625 0.0359375
0 0.64375 0.29140625 0.0078125 0.03125
1 0.64375 0.26640625 0.0109375 0.021875
0 0.2875 0.39453125 0.0140625 0.0328125
1 0.2859375 0.3640625 0.015625 0.0328125
2 0.2859375 0.38046875 0.015625 0.059375
2 0.64375 0.278125 0.0125 0.05
2 0.5875 0.3765625 0.0140625 0.0609375
2 0.6 0.39375 0.015625 0.071875
2 0.61171875 0.4453125 0.01875 0.0859375
2 0.5359375 0.66640625 0.0515625 0.178125
2 0.6453125 0.7234375 0.065625 0.2203125