0 0.5140625 0.9328125 0.08515625 0.134375
1 0.51953125 0.88671875 0.08046875 0.22578125
1 0.5609375 0.88671875 0.04609375 0.22578125
0 0.0609375 0.52265625 0.01875 0.04453125
1 0.05859375 0.48359375 0.0140625 0.04609375
1 0.06796875 0.4765625 0.01796875 0.0453125
2 0.065625 0.49765625 0.02734375 0.09140625
1 0.15078125 0.45390625 0.01484375 0.04765625
0 0.15 0.49609375 0.015625 0.04609375
2 0.14921875 0.47421875 0.01875 0.0921875
0 0.25859375 0.43359375 0.0140625 0.0390625
1 0.259375 0.4 0.015625 0.04140625
2 0.26171875 0.415625 0.021875 0.0765625
2 0.5296875 0.88125 0.11484375 0.2140625