0 0.5109375 0.5890625 0.04375 0.1015625
1 0.51875 0.53828125 0.0375 0.059375
0 0.5625 0.46640625 0.0234375 0.0625
1 0.565625 0.43046875 0.0234375 0.0359375
1 0.634375 0.4296875 0.01875 0.034375
1 0.63984375 0.41796875 0.0140625 0.025
0 0.63046875 0.46328125 0.0328125 0.059375
0 0.66796875 0.38984375 0.0203125 0.04375
1 0.671875 0.3625 0.015625 0.028125
2 0.5140625 0.5578125 0.0453125 0.103125
2 0.56171875 0.45234375 0.0390625 0.1
2 0.6328125 0.44375 0.040625 0.0953125
2 0.66875 0.37734375 0.0296875 0.0734375