0 0.521875 0.58671875 0.03203125 0.0984375
1 0.5234375 0.5359375 0.03046875 0.05546875
0 0.5578125 0.459375 0.01640625 0.06171875
1 0.55625 0.42265625 0.01953125 0.034375
1 0.625 0.4140625 0.015625 0.03203125
1 0.62890625 0.4015625 0.01171875 0.02421875
0 0.625 0.44765625 0.02578125 0.05625
0 0.653125 0.3703125 0.01484375 0.04296875
1 0.65390625 0.3421875 0.01171875 0.0265625
2 0.52109375 0.55546875 0.03359375 0.09921875
2 0.55546875 0.4453125 0.02734375 0.09765625
2 0.625 0.428125 0.0296875 0.09296875
2 0.65234375 0.3578125 0.021875 0.07109375