1 0.48125 0.62890625 0.0484375 0.14609375
0 0.4765625 0.6671875 0.04609375 0.13203125
2 0.48046875 0.64921875 0.05 0.18203125
0 0.28828125 0.40390625 0.0140625 0.0296875
1 0.290625 0.37421875 0.0140625 0.0390625
2 0.28984375 0.38671875 0.0140625 0.0625
0 0.621875 0.290625 0.0109375 0.03203125
1 0.621875 0.2640625 0.01328125 0.02890625
2 0.621875 0.27734375 0.015625 0.0609375
0 0.6109375 0.24453125 0.0109375 0.02265625
1 0.61015625 0.2234375 0.00859375 0.021875
2 0.6109375 0.234375 0.0109375 0.0390625