1 0.590625 0.69453125 0.06875 0.1109375
0 0.6109375 0.81953125 0.1 0.196875
1 0.54375 0.596875 0.0515625 0.0859375
0 0.55703125 0.6859375 0.04375 0.1109375
0 0.46875 0.671875 0.05 0.1171875
1 0.45703125 0.59921875 0.0453125 0.06875
0 0.62890625 0.42109375 0.021875 0.0515625
1 0.62421875 0.39296875 0.009375 0.015625
1 0.62265625 0.38046875 0.0203125 0.03125
0 0.2328125 0.49140625 0.021875 0.0359375
1 0.22578125 0.45703125 0.01875 0.0390625
0 0.58203125 0.2609375 0.015625 0.0375
1 0.57734375 0.23828125 0.0109375 0.0171875
2 0.228125 0.4734375 0.0328125 0.0765625
2 0.58125 0.25234375 0.0203125 0.0546875
2 0.62734375 0.4078125 0.03125 0.084375
2 0.46328125 0.65234375 0.06875 0.171875
2 0.54921875 0.64765625 0.0671875 0.190625
2 0.60546875 0.78046875 0.1171875 0.28125