1 0.55546875 0.70703125 0.0515625 0.10390625
0 0.55390625 0.83359375 0.06796875 0.18828125
1 0.5265625 0.603125 0.03828125 0.08046875
0 0.52421875 0.69296875 0.02578125 0.10859375
0 0.4390625 0.6640625 0.03125 0.11328125
1 0.440625 0.590625 0.034375 0.0640625
0 0.640625 0.44453125 0.0140625 0.05
1 0.640625 0.41640625 0.0078125 0.0140625
1 0.64140625 0.40390625 0.01484375 0.02890625
0 0.23828125 0.4453125 0.01640625 0.03359375
1 0.2375 0.41015625 0.01328125 0.03671875
0 0.62265625 0.27890625 0.009375 0.0359375
1 0.621875 0.25546875 0.0078125 0.015625
2 0.23671875 0.4265625 0.0203125 0.0734375
2 0.62265625 0.2703125 0.01171875 0.05390625
2 0.64140625 0.43125 0.0171875 0.0828125
2 0.4375 0.64375 0.03984375 0.1671875
2 0.52265625 0.65390625 0.03515625 0.18671875
2 0.55546875 0.79453125 0.0703125 0.2734375