0 0.58515625 0.228125 0.053125 0.1125
0 0.64765625 0.0859375 0.040625 0.084375
0 0.784375 0.13828125 0.0328125 0.090625
0 0.9015625 0.359375 0.1015625 0.1046875
0 0.9609375 0.303125 0.078125 0.090625
1 0.59921875 0.1546875 0.0484375 0.0828125
1 0.653125 0.03359375 0.0328125 0.040625
1 0.79375 0.0796875 0.0390625 0.05625
1 0.9078125 0.3234375 0.059375 0.1375
1 0.95546875 0.253125 0.0375 0.078125
1 0.97265625 0.2765625 0.0375 0.1109375
2 0.590625 0.19296875 0.0703125 0.1765625
2 0.78828125 0.12265625 0.059375 0.1484375
2 0.64765625 0.071875 0.0515625 0.1171875
2 0.89765625 0.3296875 0.1046875 0.165625
2 0.96015625 0.2796875 0.0796875 0.125