0 0.2265625 0.45234375 0.015625 0.0421875
1 0.22109375 0.4234375 0.0140625 0.0265625
1 0.2265625 0.4203125 0.0109375 0.0265625
0 0.50078125 0.6328125 0.040625 0.096875
1 0.49765625 0.56796875 0.040625 0.0703125
1 0.59921875 0.50390625 0.0296875 0.046875
1 0.59765625 0.52265625 0.0359375 0.096875
0 0.60078125 0.546875 0.03125 0.084375
0 0.58515625 0.29765625 0.0140625 0.034375
1 0.5828125 0.275 0.0140625 0.0265625
2 0.22578125 0.4375 0.025 0.071875
2 0.49609375 0.6046875 0.05625 0.1625
2 0.59765625 0.53125 0.0390625 0.121875
2 0.584375 0.2875 0.0234375 0.065625