0 0.49140625 0.33359375 0.034375 0.103125
0 0.94609375 0.3484375 0.0859375 0.103125
0 0.75078125 0.115625 0.03125 0.090625
0 0.61171875 0.16953125 0.0328125 0.1015625
0 0.59765625 0.03046875 0.0234375 0.0546875
0 0.4515625 0.02734375 0.025 0.0546875
1 0.50078125 0.24375 0.0546875 0.096875
1 0.615625 0.1 0.03125 0.0609375
1 0.75625 0.05390625 0.0296875 0.05
1 0.9546875 0.2734375 0.0453125 0.090625
2 0.49453125 0.29296875 0.0796875 0.1953125
2 0.6109375 0.1484375 0.046875 0.15
2 0.75 0.0953125 0.0578125 0.1296875
2 0.9453125 0.31015625 0.0984375 0.165625