0 0.20546875 0.58203125 0.14375 0.1265625
0 0.31875 0.465625 0.1296875 0.0734375
0 0.30078125 0.38359375 0.1453125 0.09375
0 0.60234375 0.37578125 0.10625 0.0984375
0 0.52734375 0.31015625 0.0609375 0.0890625
0 0.79140625 0.259375 0.0921875 0.0875
1 0.1578125 0.503125 0.071875 0.134375
1 0.19921875 0.50078125 0.0625 0.109375
1 0.30234375 0.41796875 0.0703125 0.1265625
1 0.2859375 0.31484375 0.065625 0.1046875
1 0.53125 0.2359375 0.0421875 0.08125
1 0.58984375 0.30546875 0.0515625 0.1015625
1 0.7890625 0.2015625 0.05625 0.0921875
2 0.20078125 0.53984375 0.15625 0.228125
2 0.29921875 0.35 0.1421875 0.1875
2 0.3125 0.4328125 0.1359375 0.159375
2 0.53671875 0.27265625 0.103125 0.1640625
2 0.5921875 0.33984375 0.1203125 0.16875
2 0.7859375 0.23203125 0.1078125 0.1703125