0 0.196875 0.540625 0.13046875 0.11015625
0 0.325 0.440625 0.1234375 0.05703125
0 0.31875 0.35703125 0.13671875 0.07578125
0 0.61875 0.39140625 0.09609375 0.08515625
0 0.55390625 0.315625 0.05 0.0828125
0 0.821875 0.30234375 0.0828125 0.0765625
1 0.1609375 0.45546875 0.05390625 0.12734375
1 0.20234375 0.45859375 0.04921875 0.10390625
1 0.315625 0.39140625 0.0546875 0.1203125
1 0.3140625 0.28671875 0.05234375 0.0984375
1 0.56796875 0.24296875 0.03203125 0.07734375
1 0.61640625 0.31953125 0.03828125 0.096875
1 0.828125 0.24453125 0.0453125 0.08671875
2 0.1984375 0.49765625 0.12734375 0.21171875
2 0.321875 0.3234375 0.11875 0.17265625
2 0.3234375 0.40703125 0.11640625 0.1453125
2 0.56796875 0.2796875 0.0828125 0.1546875
2 0.61328125 0.35390625 0.09921875 0.15703125
2 0.8203125 0.27421875 0.0859375 0.16015625