0 0.03828125 0.44453125 0.0765625 0.128125
0 0.32890625 0.6078125 0.146875 0.115625
0 0.5734375 0.45234375 0.115625 0.0953125
0 0.34609375 0.4234375 0.1421875 0.109375
0 0.46875 0.32109375 0.0984375 0.0796875
0 0.8 0.31015625 0.090625 0.08125
0 0.8890625 0.2578125 0.065625 0.0734375
1 0.3203125 0.52421875 0.0625 0.1265625
1 0.340625 0.35078125 0.0546875 0.121875
1 0.4671875 0.24375 0.028125 0.0875
1 0.5421875 0.3734375 0.0359375 0.109375
1 0.5765625 0.38046875 0.0359375 0.1125
1 0.77578125 0.25 0.0359375 0.1015625
1 0.80859375 0.24765625 0.0296875 0.0890625
1 0.8984375 0.2015625 0.0453125 0.08125
2 0.33203125 0.56953125 0.14375 0.1984375
2 0.34375 0.3796875 0.11875 0.1734375
2 0.4734375 0.284375 0.109375 0.1609375
2 0.57421875 0.41328125 0.115625 0.1734375
2 0.8 0.28515625 0.0875 0.1484375
2 0.8859375 0.22734375 0.0765625 0.134375