1 0.91015625 0.22265625 0.04453125 0.0890625
1 0.81015625 0.1296875 0.040625 0.0734375
1 0.7578125 0.11640625 0.03125 0.07734375
1 0.7203125 0.14375 0.02890625 0.07890625
1 0.71953125 0.06796875 0.02578125 0.06796875
0 0.90625 0.27421875 0.0921875 0.12421875
0 0.8125 0.18671875 0.07109375 0.10078125
0 0.76171875 0.18828125 0.03125 0.0796875
0 0.72265625 0.21796875 0.0421875 0.0796875
0 0.69609375 0.096875 0.02578125 0.059375
2 0.90625 0.259375 0.09375 0.16171875
2 0.809375 0.16484375 0.071875 0.1453125
2 0.70703125 0.078125 0.04765625 0.0875
2 0.7140625 0.1796875 0.05234375 0.15234375
2 0.75625 0.1484375 0.0453125 0.14375