1 0.64765625 0.76171875 0.0375 0.04921875
1 0.64765625 0.7390625 0.06171875 0.10390625
1 0.65390625 0.69140625 0.034375 0.0515625
0 0.64921875 0.8375 0.0671875 0.1828125
0 0.42109375 0.80703125 0.08671875 0.17421875
1 0.41875 0.7203125 0.053125 0.13984375
1 0.60234375 0.46953125 0.021875 0.04296875
1 0.57421875 0.421875 0.015625 0.04140625
1 0.55703125 0.41484375 0.015625 0.03359375
0 0.5546875 0.44453125 0.01796875 0.046875
0 0.57265625 0.46171875 0.01484375 0.05390625
0 0.60078125 0.51640625 0.01875 0.0765625
0 0.6390625 0.32109375 0.0109375 0.0328125
1 0.6390625 0.29609375 0.01328125 0.025
2 0.4203125 0.7796875 0.07578125 0.24765625
2 0.64921875 0.79921875 0.08046875 0.290625
2 0.6 0.49609375 0.02734375 0.115625
2 0.55390625 0.42578125 0.02109375 0.0734375
2 0.575 0.4421875 0.01796875 0.090625
2 0.6390625 0.3109375 0.01640625 0.0546875