1 0.30234375 0.7234375 0.065625 0.19921875
1 0.709375 0.215625 0.05078125 0.128125
1 0.78359375 0.19921875 0.02734375 0.08359375
1 0.690625 0.053125 0.0359375 0.06953125
1 0.4890625 0.065625 0.03359375 0.0484375
1 0.5 0.05859375 0.01640625 0.05546875
0 0.48046875 0.1171875 0.03828125 0.08515625
0 0.68671875 0.103125 0.04765625 0.07265625
0 0.703125 0.24765625 0.0609375 0.103125
0 0.7765625 0.2421875 0.06015625 0.11015625
0 0.31484375 0.77578125 0.12734375 0.20078125
2 0.31015625 0.7546875 0.115625 0.2578125
2 0.4828125 0.09296875 0.05078125 0.13359375
2 0.70625 0.23046875 0.0578125 0.15390625
2 0.7765625 0.228125 0.06328125 0.14609375
2 0.6859375 0.08359375 0.05078125 0.1296875