0 0.18515625 0.1984375 0.1203125 0.121875
0 0.259375 0.13671875 0.0859375 0.1015625
0 0.34921875 0.40546875 0.140625 0.1109375
0 0.34375 0.30546875 0.115625 0.0859375
0 0.51875 0.3484375 0.1171875 0.1140625
0 0.665625 0.34765625 0.1046875 0.125
0 0.73359375 0.41328125 0.1046875 0.0984375
0 0.74765625 0.609375 0.1375 0.15625
0 0.678125 0.13046875 0.0515625 0.0859375
0 0.71875 0.10390625 0.0453125 0.090625
0 0.61953125 0.08515625 0.04375 0.0953125
0 0.61015625 0.0375 0.0296875 0.0546875
1 0.175 0.140625 0.0640625 0.084375
1 0.25546875 0.0765625 0.0359375 0.0578125
1 0.23515625 0.08984375 0.0375 0.0671875
1 0.3453125 0.3375 0.059375 0.103125
1 0.3421875 0.25703125 0.05 0.0921875
1 0.528125 0.28359375 0.0484375 0.09375
1 0.68125 0.296875 0.053125 0.09375
1 0.71875 0.3625 0.0421875 0.0859375
1 0.74375 0.35625 0.0421875 0.0859375
1 0.7640625 0.540625 0.06875 0.1140625
1 0.68828125 0.078125 0.040625 0.06875
1 0.7359375 0.05234375 0.0390625 0.046875
1 0.6296875 0.034375 0.0296875 0.0421875
2 0.1828125 0.18203125 0.1328125 0.18125
2 0.25546875 0.1140625 0.103125 0.1390625
2 0.5234375 0.31640625 0.13125 0.178125
2 0.34921875 0.36953125 0.1578125 0.18125
2 0.346875 0.29140625 0.1390625 0.1734375
2 0.75234375 0.5828125 0.1453125 0.2140625
2 0.6671875 0.325 0.1125 0.1640625
2 0.7296875 0.3953125 0.125 0.171875
2 0.6765625 0.11171875 0.059375 0.1359375
2 0.72265625 0.0890625 0.0515625 0.121875
2 0.621875 0.07265625 0.0515625 0.121875