0 0.06484375 0.26953125 0.096875 0.1078125
0 0.4046875 0.3703125 0.0453125 0.1296875
0 0.13515625 0.6640625 0.0609375 0.1703125
0 0.26328125 0.94609375 0.1453125 0.090625
0 0.515625 0.11875 0.0453125 0.096875
0 0.83828125 0.203125 0.0875 0.121875
0 0.9546875 0.3671875 0.090625 0.125
1 0.0578125 0.21484375 0.05625 0.1015625
1 0.16484375 0.5703125 0.05 0.1375
1 0.2578125 0.878125 0.090625 0.159375
1 0.4125 0.2828125 0.0390625 0.0828125
1 0.42265625 0.259375 0.034375 0.0703125
1 0.5203125 0.05 0.03125 0.0703125
1 0.85 0.15 0.028125 0.084375
1 0.9640625 0.3203125 0.0515625 0.1
2 0.06015625 0.24296875 0.1109375 0.16875
2 0.4078125 0.3296875 0.075 0.209375
2 0.159375 0.61953125 0.134375 0.25625
2 0.26171875 0.89140625 0.159375 0.2015625
2 0.51640625 0.090625 0.0515625 0.1578125
2 0.8375 0.18828125 0.0796875 0.1515625
2 0.95 0.353125 0.1 0.165625