1 0.1515625 0.91484375 0.109375 0.1703125
1 0.43515625 0.878125 0.096875 0.24375
1 0.65 0.67265625 0.02578125 0.03828125
1 0.6515625 0.65390625 0.0453125 0.07421875
1 0.65546875 0.61953125 0.02578125 0.0421875
1 0.5546875 0.60078125 0.0390625 0.065625
1 0.609375 0.41171875 0.01640625 0.03046875
1 0.5984375 0.365625 0.01328125 0.03515625
1 0.58828125 0.3484375 0.01015625 0.02265625
1 0.63203125 0.2609375 0.009375 0.02109375
0 0.634375 0.28125 0.009375 0.03046875
0 0.61015625 0.44453125 0.01328125 0.0515625
0 0.596875 0.39765625 0.01171875 0.04140625
0 0.58671875 0.375 0.009375 0.04140625
0 0.653125 0.73515625 0.05234375 0.15859375
0 0.5546875 0.66640625 0.040625 0.12421875
0 0.27734375 0.4078125 0.015625 0.03515625
1 0.27578125 0.38125 0.01640625 0.02734375
2 0.2765625 0.39609375 0.02109375 0.0703125
2 0.55546875 0.63984375 0.0453125 0.17109375
2 0.65546875 0.70078125 0.06015625 0.22421875
2 0.61015625 0.43125 0.01796875 0.07890625
2 0.5859375 0.36328125 0.0125 0.059375
2 0.59921875 0.37890625 0.01484375 0.065625
2 0.6328125 0.27109375 0.01484375 0.046875