1 0.48671875 0.8515625 0.0484375 0.1484375
1 0.5125 0.82109375 0.046875 0.16796875
1 0.54140625 0.8234375 0.04453125 0.1359375
0 0.48828125 0.89453125 0.17265625 0.16328125
1 0.24140625 0.17421875 0.0421875 0.0921875
0 0.2359375 0.2484375 0.04375 0.090625
1 0.375 0.0359375 0.03671875 0.071875
0 0.37578125 0.0921875 0.03828125 0.065625
1 0.6171875 0.15703125 0.04140625 0.0765625
0 0.61328125 0.22890625 0.04609375 0.1078125
0 0.71875 0.17734375 0.0375 0.08359375
0 0.65859375 0.1859375 0.03046875 0.08984375
0 0.3390625 0.03359375 0.03671875 0.06015625
0 0.671875 0.07734375 0.03203125 0.06328125
1 0.72421875 0.13359375 0.021875 0.0390625
1 0.65625 0.12265625 0.028125 0.05078125
1 0.72109375 0.10859375 0.0328125 0.059375
1 0.6734375 0.03515625 0.03828125 0.05234375
2 0.4953125 0.85703125 0.16796875 0.23984375
2 0.23828125 0.2109375 0.05546875 0.175
2 0.378125 0.06015625 0.03359375 0.1203125
2 0.67578125 0.05859375 0.0390625 0.115625
2 0.615625 0.2 0.04140625 0.1703125
2 0.65703125 0.1671875 0.034375 0.15234375
2 0.71875 0.14765625 0.040625 0.146875