0 0.58046875 0.2265625 0.0515625 0.1125
0 0.640625 0.08359375 0.0390625 0.084375
0 0.778125 0.13359375 0.03125 0.090625
0 0.89921875 0.35234375 0.1 0.103125
0 0.96015625 0.29453125 0.0796875 0.0890625
1 0.59296875 0.153125 0.046875 0.0828125
1 0.6453125 0.03125 0.0328125 0.0390625
1 0.78671875 0.07421875 0.0390625 0.05625
1 0.9046875 0.31640625 0.05625 0.1359375
1 0.95078125 0.2453125 0.0359375 0.078125
1 0.96875 0.26796875 0.0359375 0.1109375
2 0.58515625 0.19140625 0.0671875 0.175
2 0.78125 0.11796875 0.05625 0.146875
2 0.640625 0.06953125 0.05 0.1171875
2 0.89453125 0.3234375 0.1015625 0.165625
2 0.95859375 0.271875 0.0828125 0.125