1 0.371875 0.39765625 0.05546875 0.159375
1 0.409375 0.3734375 0.02734375 0.05703125
1 0.39609375 0.3953125 0.04609375 0.14375
1 0.61875 0.15625 0.03828125 0.07734375
1 0.7609375 0.153125 0.03046875 0.0640625
1 0.6546875 0.12421875 0.03046875 0.0578125
1 0.7203125 0.1125 0.03046875 0.06015625
1 0.925 0.11015625 0.01953125 0.0921875
1 0.671875 0.034375 0.0265625 0.05234375
1 0.67421875 0.01171875 0.01171875 0.01796875
1 0.7171875 0.125 0.0234375 0.03125
1 0.71953125 0.08203125 0.0140625 0.01953125
0 0.39375 0.4328125 0.12109375 0.12578125
0 0.61484375 0.2296875 0.02890625 0.10390625
0 0.75390625 0.21484375 0.02734375 0.0890625
0 0.65703125 0.19296875 0.02734375 0.1015625
0 0.715625 0.178125 0.02734375 0.08203125
0 0.6703125 0.0859375 0.021875 0.0640625
0 0.9203125 0.13671875 0.065625 0.07578125
2 0.39453125 0.40390625 0.12265625 0.18203125
2 0.6140625 0.196875 0.0453125 0.1734375
2 0.6546875 0.16640625 0.03203125 0.1484375
2 0.7140625 0.14609375 0.03828125 0.15625
2 0.75703125 0.1890625 0.03671875 0.13515625
2 0.6703125 0.059375 0.0390625 0.109375
2 0.91875 0.12109375 0.0734375 0.1171875