1 0.90546875 0.215625 0.0453125 0.0890625
1 0.80390625 0.12421875 0.0421875 0.0734375
1 0.75078125 0.11171875 0.0328125 0.078125
1 0.7140625 0.13984375 0.0296875 0.0796875
1 0.71171875 0.0640625 0.0265625 0.06875
0 0.90234375 0.2671875 0.09375 0.1265625
0 0.80703125 0.18125 0.0734375 0.1015625
0 0.75625 0.18359375 0.0328125 0.0796875
0 0.71796875 0.2140625 0.04375 0.0796875
0 0.6890625 0.09375 0.0265625 0.059375
2 0.90234375 0.25234375 0.096875 0.1640625
2 0.803125 0.159375 0.075 0.146875
2 0.7 0.07421875 0.0484375 0.0890625
2 0.70859375 0.17578125 0.0546875 0.153125
2 0.75 0.14375 0.0484375 0.14375