0 0.11015625 0.47734375 0.14140625 0.103125
0 0.175 0.378125 0.0609375 0.096875
1 0.12734375 0.3375 0.05078125 0.08984375
1 0.1 0.4 0.05390625 0.08828125
1 0.58671875 0.309375 0.040625 0.0828125
1 0.92890625 0.25234375 0.0453125 0.09140625
1 0.26953125 0.0421875 0.03125 0.06796875
1 0.284375 0.03046875 0.028125 0.0609375
0 0.275 0.1046875 0.0390625 0.0671875
0 0.584375 0.3734375 0.09609375 0.0796875
0 0.92421875 0.31015625 0.0984375 0.075
2 0.1109375 0.44453125 0.1390625 0.18359375
2 0.15 0.3546875 0.10234375 0.14140625
2 0.28046875 0.0671875 0.06484375 0.134375
2 0.5859375 0.340625 0.090625 0.15390625
2 0.9234375 0.2796875 0.08984375 0.1359375