1 0.78984375 0.1234375 0.0546875 0.09375
1 0.34609375 0.11953125 0.0359375 0.071875
1 0.4109375 0.0359375 0.03125 0.05625
1 0.4203125 0.0140625 0.021875 0.028125
1 0.34765625 0.053125 0.028125 0.05
1 0.3078125 0.065625 0.0390625 0.0734375
0 0.41171875 0.08828125 0.0421875 0.0875
0 0.3546875 0.16328125 0.0375 0.0640625
0 0.30078125 0.1328125 0.0328125 0.08125
0 0.7828125 0.1609375 0.06875 0.1125
2 0.7828125 0.14765625 0.071875 0.1515625
2 0.4109375 0.06953125 0.053125 0.1390625
2 0.35 0.14375 0.04375 0.1203125
2 0.30390625 0.1 0.05625 0.15