0 0.44921875 0.1859375 0.03046875 0.10234375
0 0.79921875 0.23671875 0.0625 0.06953125
0 0.66328125 0.1109375 0.03984375 0.0796875
0 0.61171875 0.08046875 0.02890625 0.08125
0 0.69921875 0.06640625 0.01875 0.07421875
0 0.64765625 0.046875 0.01640625 0.06171875
1 0.453125 0.11015625 0.03671875 0.06640625
1 0.80625 0.1875 0.0359375 0.0921875
1 0.61015625 0.05859375 0.03828125 0.11640625
1 0.6625 0.07421875 0.0421875 0.12109375
1 0.6984375 0.0171875 0.0234375 0.034375
2 0.44921875 0.15859375 0.05703125 0.17421875
2 0.803125 0.20390625 0.06953125 0.12890625
2 0.6109375 0.06171875 0.034375 0.1234375
2 0.66640625 0.0765625 0.03203125 0.134375
2 0.696875 0.04765625 0.0296875 0.0953125
2 0.64296875 0.040625 0.02890625 0.08046875