1 0.08515625 0.2296875 0.0453125 0.0890625
1 0.18359375 0.13515625 0.0421875 0.0734375
1 0.23515625 0.12109375 0.0328125 0.078125
1 0.2734375 0.14765625 0.0296875 0.0796875
1 0.27265625 0.071875 0.0265625 0.06875
0 0.08984375 0.28125 0.09375 0.1265625
0 0.18203125 0.1921875 0.0734375 0.1015625
0 0.2328125 0.19296875 0.0328125 0.0796875
0 0.27265625 0.221875 0.04375 0.0796875
0 0.296875 0.1 0.0265625 0.059375
2 0.08984375 0.26640625 0.096875 0.1640625
2 0.18515625 0.1703125 0.075 0.146875
2 0.2859375 0.08203125 0.0484375 0.0890625
2 0.28046875 0.18359375 0.0546875 0.153125
2 0.2375 0.153125 0.0484375 0.14375