1 0.3703125 0.4 0.0578125 0.1609375
1 0.40703125 0.375 0.028125 0.0578125
1 0.39453125 0.396875 0.0484375 0.1453125
1 0.6125 0.15390625 0.0390625 0.078125
1 0.7546875 0.1484375 0.03125 0.0640625
1 0.6484375 0.121875 0.03125 0.0578125
1 0.71328125 0.10859375 0.03125 0.0609375
1 0.91796875 0.103125 0.021875 0.0921875
1 0.6640625 0.03125 0.028125 0.053125
1 0.665625 0.00859375 0.0125 0.0171875
1 0.7109375 0.12109375 0.0234375 0.03125
1 0.7125 0.078125 0.0140625 0.0203125
0 0.39296875 0.434375 0.1234375 0.128125
0 0.61015625 0.22734375 0.03125 0.1046875
0 0.74921875 0.21015625 0.028125 0.0890625
0 0.6515625 0.190625 0.0296875 0.1015625
0 0.71015625 0.17421875 0.028125 0.0828125
0 0.66328125 0.0828125 0.0234375 0.0640625
0 0.9140625 0.1296875 0.0671875 0.0765625
2 0.39296875 0.40546875 0.1265625 0.184375
2 0.60859375 0.1953125 0.0484375 0.1734375
2 0.64921875 0.1640625 0.034375 0.1484375
2 0.7078125 0.1421875 0.040625 0.15625
2 0.7515625 0.184375 0.0390625 0.1359375
2 0.6625 0.05625 0.040625 0.109375
2 0.91171875 0.1140625 0.075 0.11875