0 0.26328125 0.359375 0.11875 0.1015625
0 0.6890625 0.29765625 0.084375 0.08515625
0 0.8140625 0.30390625 0.09375 0.08671875
0 0.56953125 0.0625 0.02578125 0.06796875
0 0.36796875 0.88984375 0.07109375 0.13046875
0 0.71015625 0.96875 0.13671875 0.06171875
1 0.42109375 0.8703125 0.0625 0.17109375
1 0.4640625 0.87890625 0.06015625 0.14921875
1 0.70703125 0.9296875 0.065625 0.115625
1 0.24765625 0.29375 0.04921875 0.0984375
1 0.69609375 0.2421875 0.05 0.0953125
1 0.821875 0.25390625 0.04453125 0.0859375
1 0.5703125 0.0171875 0.028125 0.03359375
2 0.259375 0.3265625 0.12109375 0.1640625
2 0.69375 0.265625 0.096875 0.14921875
2 0.8171875 0.2765625 0.09453125 0.1453125
2 0.5703125 0.05078125 0.04140625 0.10078125
2 0.41953125 0.88671875 0.1796875 0.2265625
2 0.70546875 0.934375 0.1546875 0.13125