0 0.68125 0.42421875 0.1421875 0.1140625
0 0.3953125 0.4578125 0.1078125 0.0921875
0 0.146875 0.33984375 0.0859375 0.09375
0 0.03984375 0.375 0.0796875 0.084375
0 0.23671875 0.121875 0.0359375 0.08125
0 0.375 0.0765625 0.03125 0.075
1 0.68828125 0.3578125 0.0578125 0.121875
1 0.42578125 0.3859375 0.04375 0.1171875
1 0.3921875 0.38515625 0.04375 0.109375
1 0.1484375 0.2765625 0.0484375 0.090625
1 0.0203125 0.3296875 0.040625 0.115625
1 0.23046875 0.06875 0.0390625 0.05625
1 0.37734375 0.0296875 0.0296875 0.0421875
2 0.68671875 0.3875 0.1359375 0.1875
2 0.40078125 0.42109375 0.125 0.190625
2 0.1484375 0.309375 0.0875 0.1515625
2 0.234375 0.10546875 0.0515625 0.1390625
2 0.04375 0.34609375 0.0875 0.1453125
2 0.378125 0.0609375 0.0484375 0.1109375