0 0.175 0.44296875 0.1140625 0.1125
0 0.2046875 0.34609375 0.10625 0.103125
0 0.35703125 0.35390625 0.11875 0.1
0 0.41875 0.2984375 0.0640625 0.075
0 0.67421875 0.43515625 0.128125 0.0921875
0 0.70234375 0.55078125 0.1453125 0.11875
0 0.678125 0.36953125 0.121875 0.0828125
0 0.8578125 0.3625 0.1453125 0.090625
0 0.93359375 0.46484375 0.1328125 0.1109375
1 0.97265625 0.40625 0.0546875 0.1375
1 0.87734375 0.303125 0.065625 0.1046875
1 0.69765625 0.30546875 0.046875 0.075
1 0.6921875 0.38125 0.0421875 0.0921875
1 0.7625 0.490625 0.05 0.1109375
1 0.74921875 0.4875 0.0234375 0.0546875
1 0.73125 0.4953125 0.0234375 0.0609375
1 0.709375 0.48515625 0.0421875 0.103125
1 0.40078125 0.234375 0.053125 0.0984375
1 0.3640625 0.2828125 0.0578125 0.09375
1 0.24453125 0.30390625 0.0515625 0.103125
1 0.21328125 0.28359375 0.0453125 0.09375
1 0.18046875 0.36015625 0.075 0.1140625
2 0.8625 0.3265625 0.134375 0.1671875
2 0.9375 0.4265625 0.125 0.19375
2 0.70625 0.515625 0.159375 0.19375
2 0.6859375 0.334375 0.125 0.146875
2 0.67734375 0.409375 0.128125 0.140625
2 0.4078125 0.26171875 0.096875 0.1515625
2 0.3625 0.321875 0.11875 0.1703125
2 0.1796875 0.39765625 0.11875 0.190625
2 0.22265625 0.3234375 0.090625 0.165625