0 0.765625 0.41953125 0.015625 0.040625
1 0.7671875 0.38984375 0.0125 0.0265625
1 0.76171875 0.3875 0.0109375 0.0265625
0 0.515625 0.63203125 0.0390625 0.096875
1 0.5109375 0.5671875 0.040625 0.0703125
1 0.40234375 0.51640625 0.028125 0.046875
1 0.40546875 0.534375 0.034375 0.0953125
0 0.40625 0.55859375 0.0296875 0.084375
0 0.390625 0.309375 0.0140625 0.034375
1 0.390625 0.28671875 0.0140625 0.025
2 0.76484375 0.4046875 0.0234375 0.071875
2 0.51640625 0.603125 0.053125 0.1609375
2 0.40703125 0.54296875 0.0359375 0.1203125
2 0.38984375 0.29921875 0.0234375 0.065625