0 0.7484375 0.38046875 0.1265625 0.1109375
0 0.32890625 0.28203125 0.0921875 0.0921875
0 0.20390625 0.27734375 0.1015625 0.0953125
0 0.46875 0.0578125 0.03125 0.0703125
0 0.59765625 0.9 0.0828125 0.1359375
0 0.25 0.9484375 0.1421875 0.0734375
1 0.54609375 0.87578125 0.0765625 0.1765625
1 0.503125 0.88046875 0.0734375 0.153125
1 0.25625 0.91015625 0.075 0.1203125
1 0.76953125 0.31640625 0.0578125 0.103125
1 0.32734375 0.22578125 0.0578125 0.1
1 0.20078125 0.2265625 0.0515625 0.0890625
1 0.471875 0.015625 0.03125 0.03125
2 0.7546875 0.3484375 0.134375 0.1734375
2 0.32734375 0.25 0.109375 0.1578125
2 0.203125 0.25 0.10625 0.153125
2 0.46875 0.04921875 0.05 0.0984375
2 0.54609375 0.8859375 0.1984375 0.228125
2 0.2578125 0.91484375 0.165625 0.14375