1 0.371875 0.534375 0.015625 0.0265625
1 0.3734375 0.52265625 0.0296875 0.0484375
1 0.378125 0.46484375 0.0234375 0.0421875
1 0.3375 0.6640625 0.0546875 0.1109375
1 0.45 0.69453125 0.0578125 0.146875
0 0.36953125 0.56796875 0.040625 0.0921875
0 0.40859375 0.303125 0.0171875 0.0359375
0 0.4015625 0.271875 0.0125 0.0328125
0 0.41640625 0.25390625 0.0109375 0.025
1 0.41015625 0.28125 0.0109375 0.025
1 0.40390625 0.24765625 0.0125 0.021875
1 0.4171875 0.2375 0.0125 0.0203125
2 0.37109375 0.553125 0.046875 0.121875
2 0.41640625 0.24765625 0.0140625 0.040625
2 0.403125 0.26015625 0.0171875 0.0546875
2 0.409375 0.2921875 0.0171875 0.05625