1 0.4765625 0.42734375 0.021875 0.0265625
0 0.4734375 0.47890625 0.01875 0.0578125
0 0.4328125 0.3984375 0.0203125 0.0453125
0 0.35625 0.44609375 0.021875 0.0515625
1 0.47578125 0.446875 0.021875 0.0359375
1 0.4359375 0.36640625 0.0140625 0.0296875
1 0.36015625 0.409375 0.0234375 0.0375
2 0.47421875 0.46171875 0.0296875 0.09375
1 0.97734375 0.6125 0.0328125 0.08125
0 0.9765625 0.66484375 0.03125 0.075
2 0.9765625 0.6328125 0.0390625 0.1328125
2 0.43359375 0.38359375 0.021875 0.078125
2 0.3578125 0.4328125 0.0296875 0.0828125