1 0.14453125 0.8859375 0.1015625 0.153125
1 0.09296875 0.57265625 0.078125 0.13125
1 0.1265625 0.5625 0.0421875 0.08125
1 0.1328125 0.5421875 0.0625 0.1046875
1 0.36015625 0.26640625 0.05 0.0796875
1 0.38359375 0.2453125 0.0375 0.0671875
1 0.54375 0.25 0.05 0.0796875
1 0.4875 0.3921875 0.0609375 0.1046875
1 0.59375 0.1015625 0.0359375 0.0640625
1 0.5625 0.05078125 0.04375 0.0765625
0 0.62578125 0.04453125 0.03125 0.065625
0 0.54921875 0.109375 0.0453125 0.096875
0 0.58203125 0.16875 0.0390625 0.0890625
0 0.52578125 0.33046875 0.059375 0.125
0 0.47578125 0.4859375 0.0640625 0.15
0 0.3453125 0.35546875 0.0828125 0.1328125
0 0.19140625 0.9109375 0.065625 0.115625
0 0.06953125 0.69765625 0.1234375 0.1703125
2 0.090625 0.63515625 0.171875 0.309375
2 0.15625 0.88671875 0.1421875 0.1625
2 0.36640625 0.31015625 0.1203125 0.225
2 0.4859375 0.44609375 0.0859375 0.2296875
2 0.5375 0.3078125 0.0703125 0.1890625
2 0.5875 0.14296875 0.05625 0.1546875
2 0.55546875 0.084375 0.0578125 0.146875