1 0.4140625 0.56875 0.0921875 0.146875
0 0.44921875 0.65703125 0.159375 0.1296875
0 0.7296875 0.51171875 0.134375 0.1390625
1 0.690625 0.45859375 0.075 0.1109375
1 0.7234375 0.45390625 0.065625 0.134375
1 0.2078125 0.09921875 0.05625 0.06875
1 0.48046875 0.02421875 0.0421875 0.0484375
1 0.5453125 0.03359375 0.04375 0.0671875
1 0.5875 0.01640625 0.040625 0.0328125
1 0.909375 0.11015625 0.05 0.0796875
0 0.48828125 0.0703125 0.0375 0.078125
0 0.54921875 0.08671875 0.05 0.0890625
0 0.590625 0.06015625 0.04375 0.084375
0 0.903125 0.165625 0.078125 0.075
0 0.82578125 0.06328125 0.0328125 0.065625
2 0.44453125 0.615625 0.1703125 0.2265625
2 0.72109375 0.48359375 0.1546875 0.1953125
2 0.903125 0.13828125 0.0921875 0.13125
2 0.48515625 0.05703125 0.0609375 0.1140625
2 0.54765625 0.065625 0.0578125 0.13125
2 0.5921875 0.05078125 0.059375 0.1015625