1 0.8140625 0.44140625 0.065625 0.1296875
1 0.39140625 0.30546875 0.053125 0.09453125
1 0.47421875 0.140625 0.04375 0.0859375
1 0.66171875 0.17109375 0.0375 0.090625
1 0.64453125 0.06796875 0.028125 0.090625
1 0.37421875 0.06015625 0.03984375 0.0640625
0 0.38125 0.38046875 0.0484375 0.125
0 0.378125 0.1203125 0.0515625 0.090625
0 0.4671875 0.19375 0.03671875 0.1
0 0.66953125 0.23828125 0.0359375 0.0796875
0 0.8078125 0.5078125 0.12109375 0.175
0 0.6375 0.09921875 0.0421875 0.090625
0 0.5921875 0.02578125 0.0390625 0.0515625
0 0.9421875 0.15703125 0.0625 0.0703125
1 0.9390625 0.1046875 0.03828125 0.040625
2 0.384375 0.35 0.06484375 0.19453125
2 0.37109375 0.09609375 0.04375 0.14375
2 0.47265625 0.1703125 0.05078125 0.15546875
2 0.6640625 0.19453125 0.04453125 0.14375
2 0.79765625 0.4796875 0.11640625 0.1984375
2 0.64375 0.084375 0.04453125 0.11953125
2 0.94609375 0.13359375 0.0640625 0.1203125