0 0.575 0.5640625 0.0375 0.078125
0 0.52421875 0.553125 0.040625 0.0765625
0 0.56484375 0.4515625 0.0296875 0.0609375
0 0.6125 0.4609375 0.028125 0.059375
1 0.5328125 0.50703125 0.03125 0.0453125
1 0.52890625 0.52578125 0.046875 0.096875
1 0.58515625 0.5140625 0.0375 0.053125
1 0.57109375 0.41796875 0.025 0.0328125
1 0.61796875 0.43203125 0.021875 0.0375
1 0.61640625 0.4421875 0.03125 0.0609375
1 0.221875 0.37578125 0.021875 0.0421875
0 0.2171875 0.40859375 0.021875 0.04375
2 0.22109375 0.38984375 0.034375 0.08125
2 0.56796875 0.43828125 0.0359375 0.084375
2 0.52734375 0.53515625 0.053125 0.115625
2 0.57734375 0.546875 0.046875 0.1171875
2 0.615625 0.45 0.0359375 0.08125
1 0.6265625 0.26484375 0.0109375 0.0203125
0 0.625 0.28125 0.015625 0.0328125
2 0.6265625 0.27265625 0.021875 0.053125