0 0.1671875 0.20859375 0.0796875 0.07734375
1 0.1640625 0.14453125 0.04140625 0.08984375
1 0.54765625 0.21484375 0.040625 0.08359375
1 0.67421875 0.1390625 0.034375 0.0703125
1 0.73203125 0.32421875 0.04375 0.11171875
1 0.83671875 0.3734375 0.05390625 0.109375
0 0.5421875 0.27421875 0.090625 0.13125
0 0.671875 0.20859375 0.034375 0.109375
0 0.7265625 0.375 0.096875 0.09921875
0 0.83359375 0.45390625 0.09609375 0.0984375
2 0.1703125 0.171875 0.078125 0.14921875
2 0.5390625 0.24921875 0.0859375 0.16171875
2 0.6734375 0.18203125 0.04140625 0.16171875
2 0.7203125 0.3515625 0.10078125 0.165625
2 0.82890625 0.4109375 0.08984375 0.184375