1 0.534375 0.0265625 0.034375 0.0515625
1 0.61953125 0.04375 0.01953125 0.06171875
1 0.6359375 0.05390625 0.01484375 0.05625
1 0.690625 0.15703125 0.0359375 0.08046875
1 0.7734375 0.17421875 0.03515625 0.07890625
0 0.53203125 0.0703125 0.04609375 0.0828125
0 0.61640625 0.09453125 0.0453125 0.0890625
0 0.68359375 0.215625 0.06171875 0.09375
0 0.76640625 0.23515625 0.08203125 0.103125
2 0.53203125 0.05390625 0.04609375 0.103125
2 0.61796875 0.07421875 0.05078125 0.11796875
2 0.68359375 0.1890625 0.06640625 0.14609375
2 0.7671875 0.2109375 0.0859375 0.15234375