0 0.796875 0.571875 0.140625 0.1234375
0 0.68046875 0.459375 0.128125 0.0703125
0 0.6953125 0.3765625 0.14375 0.0890625
0 0.39296875 0.3796875 0.1046875 0.0953125
0 0.465625 0.3109375 0.0578125 0.0875
0 0.20078125 0.26953125 0.090625 0.084375
1 0.8421875 0.49140625 0.0671875 0.1328125
1 0.8 0.48984375 0.059375 0.1078125
1 0.69453125 0.4109375 0.0671875 0.125
1 0.70703125 0.30703125 0.0625 0.103125
1 0.459375 0.2375 0.040625 0.0796875
1 0.403125 0.30859375 0.0484375 0.1
1 0.2 0.21171875 0.0546875 0.090625
2 0.8 0.52890625 0.1484375 0.2234375
2 0.6953125 0.34296875 0.1359375 0.184375
2 0.68515625 0.42578125 0.13125 0.15625
2 0.45546875 0.2734375 0.0984375 0.1625
2 0.40234375 0.34296875 0.115625 0.1671875
2 0.2046875 0.2421875 0.1015625 0.16875