0 0.203125 0.53671875 0.0890625 0.171875
1 0.24453125 0.4453125 0.08125 0.1375
1 0.26953125 0.43984375 0.0453125 0.1109375
1 0.4484375 0.3828125 0.0765625 0.1328125
1 0.690625 0.31875 0.0546875 0.1125
1 0.50703125 0.18671875 0.05 0.075
1 0.2703125 0.0734375 0.046875 0.0828125
1 0.28984375 0.06875 0.04375 0.0828125
1 0.59921875 0.0296875 0.0359375 0.04375
0 0.30703125 0.82421875 0.1 0.203125
0 0.42109375 0.4640625 0.0828125 0.1375
0 0.6671875 0.403125 0.0578125 0.1203125
0 0.49140625 0.2546875 0.071875 0.1421875
0 0.28125 0.13828125 0.078125 0.0921875
0 0.58828125 0.078125 0.05 0.09375
2 0.2828125 0.0984375 0.1 0.159375
2 0.240625 0.496875 0.1375 0.2640625
2 0.33828125 0.7765625 0.153125 0.2984375
1 0.35234375 0.73515625 0.0953125 0.2296875
2 0.4359375 0.43125 0.1140625 0.240625
2 0.68125 0.3640625 0.08125 0.2125
2 0.49921875 0.2328125 0.0828125 0.1734375
2 0.58828125 0.0640625 0.0625 0.1171875