0 0.1796875 0.51015625 0.15234375 0.12109375
1 0.1359375 0.43984375 0.0453125 0.1140625
1 0.16796875 0.4375 0.05390625 0.1234375
1 0.06875 0.34375 0.05625 0.103125
1 0.3453125 0.33203125 0.053125 0.10859375
1 0.6984375 0.22578125 0.0421875 0.0875
1 0.59921875 0.146875 0.03046875 0.07109375
1 0.61015625 0.1078125 0.0234375 0.05390625
1 0.83984375 0.2296875 0.03515625 0.0953125
1 0.92890625 0.2453125 0.0484375 0.09375
0 0.59140625 0.203125 0.0328125 0.103125
0 0.696875 0.28359375 0.1046875 0.0875
0 0.8390625 0.29609375 0.08984375 0.09375
0 0.93125 0.3109375 0.0765625 0.0765625
0 0.35390625 0.39765625 0.115625 0.0875
0 0.06953125 0.40703125 0.1015625 0.09453125
2 0.08125 0.37109375 0.109375 0.16796875
2 0.18203125 0.46953125 0.13515625 0.18671875
2 0.34921875 0.36484375 0.115625 0.17265625
2 0.596875 0.16328125 0.05234375 0.1796875
2 0.6890625 0.25390625 0.09921875 0.14453125
2 0.83984375 0.26015625 0.07890625 0.14921875
2 0.928125 0.278125 0.0734375 0.15390625