0 0.40546875 0.23828125 0.0359375 0.103125
1 0.4140625 0.1609375 0.0375 0.075
1 0.58515625 0.184375 0.046875 0.08125
1 0.63828125 0.1953125 0.040625 0.08125
0 0.57421875 0.2578125 0.04375 0.115625
0 0.6328125 0.27109375 0.0375 0.103125
0 0.4375 0.115625 0.0359375 0.08125
1 0.4421875 0.0515625 0.0375 0.0609375
0 0.4625 0.05546875 0.028125 0.0625
1 0.46484375 0.01640625 0.0265625 0.0328125
1 0.59296875 0.015625 0.021875 0.0234375
1 0.76484375 0.059375 0.0328125 0.0578125
1 0.82265625 0.31640625 0.04375 0.1453125
0 0.81875 0.353125 0.0828125 0.0875
0 0.75703125 0.12109375 0.0359375 0.0828125
0 0.5953125 0.0515625 0.034375 0.0671875
2 0.41171875 0.203125 0.05625 0.1578125
2 0.4390625 0.0921875 0.0484375 0.146875
2 0.4625 0.03984375 0.03125 0.0796875
2 0.59296875 0.04296875 0.0359375 0.0796875
2 0.5796875 0.23046875 0.0546875 0.175
2 0.634375 0.2421875 0.0578125 0.1765625
2 0.759375 0.09921875 0.0390625 0.13125
2 0.825 0.321875 0.1 0.153125