0 0.22109375 0.4953125 0.1390625 0.1203125
1 0.17734375 0.42421875 0.0625 0.1109375
1 0.2078125 0.4203125 0.0546875 0.1203125
0 0.48671875 0.31484375 0.0515625 0.121875
1 0.48828125 0.23984375 0.0546875 0.0859375
0 0.49453125 0.01875 0.0453125 0.0375
0 0.58359375 0.0234375 0.0484375 0.046875
0 0.6265625 0.14765625 0.065625 0.0875
0 0.6796875 0.1109375 0.065625 0.084375
0 0.76953125 0.1546875 0.0796875 0.096875
0 0.75546875 0.0734375 0.0359375 0.04375
0 0.909375 0.4046875 0.053125 0.096875
1 0.89765625 0.31875 0.0515625 0.1
1 0.78046875 0.096875 0.034375 0.075
1 0.759375 0.028125 0.0375 0.05625
1 0.67734375 0.05625 0.040625 0.0734375
1 0.6265625 0.0921875 0.0390625 0.08125
2 0.14233825312499998 0.37074317031250004 0.1607629359375 0.566944465625 0.299710628125 0.530467559375 0.2656868375 0.3457169890625 0.14233825312499998 0.37074317031250004
2 0.45805937500000005 0.2006716015625 0.48339543437500004 0.39211003125 0.5081035125 0.3547574328125 0.5154552015625 0.18981367031250002 0.45805937500000005 0.2006716015625
2 0.593033425 0.1433633546875 0.6591154328125 0.1993986546875 0.641208725 0.051507303125 0.6047392140625 0.0519943734375 0.593033425 0.1433633546875
2 0.6501356703125001 0.109341665625 0.7114051796874999 0.16105730625 0.6955816578125 0.01782073125 0.653114890625 0.031014771875000003 0.6501356703125001 0.109341665625
2 0.753622684375 0 0.7313943265625 0.0617475453125 0.7495840171875 0.10524704843749999 0.7874288765624999 0.0708278546875 0.760748403125 0 0.753622684375 0
2 0.90234375 0.3609375 0.075 0.1921875
2 0.7277704968750001 0.144633690625 0.7936109359375 0.197054246875 0.8010824578125 0.1222300859375 0.781273009375 0.053052615625 0.7277704968750001 0.144633690625