1 0.2265625 0.62578125 0.05625 0.140625
1 0.2609375 0.58671875 0.0546875 0.153125
1 0.7453125 0.2078125 0.046875 0.0796875
1 0.68125 0.10078125 0.034375 0.06875
1 0.821875 0.04765625 0.028125 0.05625
0 0.78671875 0.0546875 0.0359375 0.053125
0 0.81640625 0.103125 0.0546875 0.0765625
0 0.678125 0.15390625 0.0515625 0.090625
0 0.7359375 0.26015625 0.090625 0.109375
0 0.21171875 0.746875 0.1390625 0.1828125
2 0.21328125 0.66875 0.1625 0.321875
2 0.67890625 0.1328125 0.053125 0.134375
2 0.7359375 0.24296875 0.0875 0.146875
2 0.81640625 0.07890625 0.05625 0.121875