0 0.365625 0.928125 0.075 0.14375
0 0.73125 0.33828125 0.11875 0.0984375
0 0.9328125 0.43046875 0.134375 0.1390625
0 0.8359375 0.06484375 0.0765625 0.05
1 0.384375 0.809375 0.084375 0.1484375
1 0.4265625 0.78984375 0.084375 0.203125
1 0.73125 0.30078125 0.0640625 0.1296875
1 0.76640625 0.27890625 0.0515625 0.090625
1 0.95 0.37265625 0.0609375 0.1046875
1 0.8390625 0.04453125 0.0375 0.0703125
2 0.3890625 0.83984375 0.18125 0.3203125
2 0.73125 0.3140625 0.14375 0.18125
2 0.928125 0.403125 0.14375 0.190625