0 0.1515625 0.81953125 0.1484375 0.2125
1 0.1328125 0.7703125 0.0921875 0.203125
1 0.3765625 0.55546875 0.0859375 0.23125
0 0.37890625 0.60703125 0.1171875 0.1953125
0 0.240625 0.48984375 0.090625 0.1765625
0 0.57109375 0.54296875 0.096875 0.1953125
0 0.553125 0.36796875 0.053125 0.1015625
0 0.7984375 0.2625 0.0734375 0.1296875
1 0.23203125 0.4421875 0.0734375 0.1890625
1 0.5734375 0.50703125 0.0671875 0.196875
1 0.54375 0.28984375 0.0515625 0.0859375
1 0.54296875 0.25625 0.0421875 0.05625
1 0.796875 0.2296875 0.0671875 0.153125
1 0.259375 0.0453125 0.0359375 0.0421875
2 0.14609375 0.79453125 0.1625 0.2640625
2 0.23671875 0.4671875 0.0984375 0.2359375
2 0.3765625 0.56875 0.128125 0.2609375
2 0.57265625 0.51953125 0.1015625 0.2375
2 0.54921875 0.32421875 0.0796875 0.2125
2 0.79609375 0.24375 0.0859375 0.18125