1 0.471875 0.5484375 0.03046875 0.0640625
1 0.471875 0.51328125 0.02265625 0.03984375
0 0.4703125 0.596875 0.0375 0.0953125
0 0.528125 0.490625 0.021875 0.05703125
0 0.64609375 0.46953125 0.01875 0.0546875
1 0.52734375 0.45234375 0.01953125 0.04296875
1 0.53203125 0.44296875 0.01328125 0.02890625
1 0.64453125 0.43125 0.01953125 0.04296875
0 0.15625 0.546875 0.02265625 0.05546875
1 0.15625 0.49921875 0.02265625 0.04140625
2 0.15390625 0.525 0.0328125 0.08984375
2 0.4671875 0.5609375 0.05078125 0.15078125
2 0.52734375 0.471875 0.028125 0.11328125
2 0.64453125 0.45078125 0.02734375 0.09296875