0 0.9078125 0.740625 0.1421875 0.209375
1 0.915625 0.68828125 0.0859375 0.2015625
1 0.63203125 0.528125 0.078125 0.2296875
0 0.64140625 0.5796875 0.1109375 0.1921875
0 0.7515625 0.43671875 0.0859375 0.175
0 0.4390625 0.55703125 0.090625 0.19375
0 0.4203125 0.38203125 0.05 0.1
0 0.15859375 0.3296875 0.0703125 0.128125
1 0.75 0.38828125 0.0671875 0.1875
1 0.4296875 0.521875 0.0609375 0.196875
1 0.4140625 0.30390625 0.0484375 0.0859375
1 0.40703125 0.2703125 0.040625 0.0546875
1 0.15390625 0.29765625 0.0625 0.1515625
1 0.64140625 0.0125 0.0359375 0.025
2 0.9078125 0.71484375 0.1546875 0.259375
2 0.75078125 0.41328125 0.090625 0.234375
2 0.63515625 0.54140625 0.1203125 0.2578125
2 0.4328125 0.534375 0.09375 0.2359375
2 0.415625 0.33828125 0.0734375 0.2109375
2 0.15703125 0.3109375 0.0796875 0.1796875