1 0.19453125 0.9265625 0.084375 0.14375
1 0.1046875 0.621875 0.06328125 0.12421875
1 0.13671875 0.6078125 0.03359375 0.078125
1 0.140625 0.58671875 0.05 0.09921875
1 0.3328125 0.28515625 0.04140625 0.075
1 0.353125 0.26171875 0.03046875 0.06328125
1 0.51328125 0.246875 0.04140625 0.07578125
1 0.47421875 0.39453125 0.04921875 0.1
1 0.54453125 0.09296875 0.028125 0.06171875
1 0.50703125 0.046875 0.03515625 0.07265625
0 0.56953125 0.0328125 0.02421875 0.0625
0 0.5015625 0.10625 0.034375 0.09375
0 0.54140625 0.1609375 0.02890625 0.08671875
0 0.5046875 0.32890625 0.04453125 0.1203125
0 0.47421875 0.4890625 0.04609375 0.14609375
0 0.32890625 0.37578125 0.06875 0.12578125
0 0.24375 0.9453125 0.053125 0.109375
0 0.096875 0.7484375 0.1046875 0.159375
2 0.11015625 0.684375 0.13671875 0.2953125
2 0.20625 0.92578125 0.125 0.1484375
2 0.34453125 0.328125 0.0953125 0.215625
2 0.4796875 0.4484375 0.05859375 0.225
2 0.5140625 0.3046875 0.0484375 0.18515625
2 0.54296875 0.13515625 0.03828125 0.15078125
2 0.5046875 0.08046875 0.040625 0.14296875