1 0.15859375 0.8984375 0.096875 0.15
1 0.0953125 0.58671875 0.0734375 0.1296875
1 0.12890625 0.57578125 0.040625 0.08125
1 0.134375 0.5546875 0.0578125 0.103125
1 0.35234375 0.27109375 0.0484375 0.078125
1 0.37421875 0.25 0.0359375 0.065625
1 0.53515625 0.24921875 0.0484375 0.0796875
1 0.48359375 0.39296875 0.0578125 0.1046875
1 0.5796875 0.0984375 0.0328125 0.0640625
1 0.546875 0.04921875 0.040625 0.075
0 0.61015625 0.040625 0.0296875 0.0640625
0 0.5359375 0.1078125 0.0421875 0.096875
0 0.57109375 0.165625 0.0359375 0.0890625
0 0.51953125 0.3296875 0.0546875 0.1234375
0 0.475 0.48671875 0.059375 0.15
0 0.340625 0.36171875 0.0796875 0.13125
0 0.20625 0.92109375 0.0625 0.1140625
0 0.0765625 0.7125 0.11875 0.1671875
2 0.0953125 0.65 0.1625 0.30625
2 0.1703125 0.8984375 0.1375 0.159375
2 0.36015625 0.31484375 0.1140625 0.2234375
2 0.484375 0.446875 0.078125 0.2296875
2 0.53125 0.30703125 0.0640625 0.1890625
2 0.57421875 0.140625 0.0515625 0.153125
2 0.54140625 0.0828125 0.053125 0.1453125