0 0.3453125 0.46640625 0.134375 0.1109375
0 0.79921875 0.434375 0.1 0.1140625
0 0.90078125 0.35078125 0.0546875 0.0859375
0 0.82578125 0.32421875 0.078125 0.0671875
0 0.72578125 0.22109375 0.071875 0.0890625
0 0.68046875 0.15703125 0.0703125 0.046875
0 0.25546875 0.3421875 0.11875 0.0890625
0 0.13828125 0.43984375 0.15 0.109375
0 0.0328125 0.5125 0.065625 0.11875
1 0.08046875 0.3640625 0.0375 0.10625
1 0.10859375 0.36640625 0.0484375 0.1109375
1 0.2453125 0.271875 0.0578125 0.10625
1 0.3390625 0.38125 0.0515625 0.1015625
1 0.69609375 0.10625 0.0296875 0.0703125
1 0.73125 0.16015625 0.03125 0.0796875
1 0.7640625 0.16171875 0.021875 0.0703125
1 0.821875 0.26328125 0.0359375 0.0703125
1 0.915625 0.275 0.040625 0.08125
1 0.8015625 0.37265625 0.0390625 0.0921875
2 0.24921875 0.30390625 0.1125 0.15625
2 0.1296875 0.40078125 0.1546875 0.1875
2 0.3484375 0.428125 0.128125 0.1921875
2 0.79765625 0.41015625 0.103125 0.171875
2 0.68515625 0.12421875 0.08125 0.1109375
2 0.7296875 0.1953125 0.090625 0.1359375
2 0.825 0.2890625 0.0640625 0.1234375
2 0.909375 0.31171875 0.084375 0.1640625