0 0.79453125 0.1703125 0.0890625 0.0859375
1 0.78984375 0.10625 0.0515625 0.09375
1 0.41796875 0.22265625 0.05 0.0875
1 0.2828125 0.16328125 0.0421875 0.0734375
1 0.2484375 0.35390625 0.0578125 0.115625
1 0.15 0.415625 0.0671875 0.115625
0 0.43046875 0.28125 0.10625 0.140625
0 0.29375 0.23203125 0.046875 0.1125
0 0.26015625 0.40390625 0.1078125 0.1109375
0 0.16328125 0.49453125 0.1078125 0.109375
2 0.7875 0.134375 0.0953125 0.1578125
2 0.43046875 0.25546875 0.1046875 0.1703125
2 0.2890625 0.20546875 0.0609375 0.165625
2 0.26328125 0.3796875 0.1203125 0.1765625
2 0.1625 0.4515625 0.1109375 0.19375