0 0.82265625 0.54140625 0.146875 0.1328125
1 0.8328125 0.478125 0.059375 0.171875
0 0.45703125 0.15625 0.0875 0.0953125
1 0.45078125 0.10078125 0.034375 0.0671875
1 0.41328125 0.03203125 0.025 0.0609375
1 0.1875 0.165625 0.0359375 0.0671875
1 0.16015625 0.175 0.028125 0.08125
1 0.1609375 0.24921875 0.0375 0.0734375
1 0.0796875 0.14765625 0.03125 0.071875
0 0.1765625 0.303125 0.103125 0.1046875
0 0.20234375 0.20546875 0.090625 0.0796875
0 0.09921875 0.20703125 0.084375 0.084375
0 0.49765625 0.0234375 0.0265625 0.04375
0 0.425 0.065625 0.0640625 0.096875
0 0.01796875 0.359375 0.0359375 0.10625
2 0.821875 0.50625 0.15 0.2046875
2 0.45703125 0.13125 0.0859375 0.140625
2 0.42421875 0.05703125 0.059375 0.1109375
2 0.17734375 0.2828125 0.1015625 0.140625
2 0.19609375 0.18984375 0.1 0.1203125
2 0.0984375 0.1796875 0.084375 0.1265625