1 0.44375 0.35625 0.040625 0.065625
1 0.4484375 0.33828125 0.0625 0.109375
1 0.51796875 0.22578125 0.0296875 0.03125
1 0.5203125 0.20703125 0.0484375 0.078125
0 0.5109375 0.296875 0.0453125 0.1109375
0 0.42578125 0.425 0.0875 0.1390625
0 0.5390625 0.44453125 0.071875 0.140625
0 0.61328125 0.234375 0.05 0.1078125
0 0.64453125 0.36875 0.0640625 0.1234375
0 0.75859375 0.32734375 0.0421875 0.1171875
0 0.9390625 0.38046875 0.078125 0.1015625
1 0.5515625 0.35234375 0.059375 0.1171875
1 0.63125 0.165625 0.04375 0.078125
1 0.6546875 0.28515625 0.05 0.0875
1 0.7640625 0.24296875 0.05 0.0765625
1 0.95 0.31015625 0.059375 0.10625
2 0.4359375 0.38359375 0.0921875 0.215625
2 0.54375 0.40546875 0.078125 0.221875
2 0.5125 0.2625 0.0578125 0.190625
2 0.61875 0.209375 0.0640625 0.1609375
2 0.75625 0.2953125 0.0703125 0.1875
2 0.646875 0.3328125 0.071875 0.1890625
2 0.94296875 0.34765625 0.096875 0.1796875