0 0.309375 0.453125 0.14375 0.1171875
0 0.596875 0.4421875 0.109375 0.09375
0 0.82421875 0.28671875 0.0875 0.0953125
0 0.940625 0.30390625 0.09375 0.0859375
0 0.70078125 0.0859375 0.0359375 0.08125
0 0.55703125 0.06171875 0.03125 0.075
1 0.2921875 0.3890625 0.0609375 0.121875
1 0.55546875 0.37578125 0.0453125 0.11875
1 0.58828125 0.3703125 0.0453125 0.109375
1 0.8125 0.22421875 0.05 0.090625
1 0.95 0.25703125 0.05 0.115625
1 0.69921875 0.03203125 0.040625 0.05625
1 0.54765625 0.01796875 0.0296875 0.0359375
2 0.2984375 0.41796875 0.1390625 0.1890625
2 0.5859375 0.40625 0.128125 0.1921875
2 0.8171875 0.25625 0.090625 0.153125
2 0.70078125 0.06953125 0.053125 0.1390625
2 0.93359375 0.2765625 0.10625 0.146875
2 0.5515625 0.0515625 0.05 0.103125