0 0.4859375 0.33359375 0.03046875 0.1015625
0 0.940625 0.3328125 0.08203125 0.10078125
0 0.7375 0.10703125 0.02890625 0.08984375
0 0.6 0.165625 0.0296875 0.1
0 0.58125 0.02734375 0.021875 0.0546875
0 0.4359375 0.028125 0.0234375 0.05546875
1 0.4921875 0.24375 0.05078125 0.0953125
1 0.6015625 0.09609375 0.0296875 0.06015625
1 0.740625 0.0453125 0.028125 0.04921875
1 0.946875 0.2578125 0.0421875 0.08984375
2 0.4875 0.29296875 0.07265625 0.19296875
2 0.5984375 0.14453125 0.04140625 0.1484375
2 0.7359375 0.08671875 0.053125 0.128125
2 0.93828125 0.29453125 0.09296875 0.1625