0 0.534375 0.18359375 0.0359375 0.103125
0 0.1875 0.253125 0.065625 0.0734375
0 0.31640625 0.1203125 0.04375 0.08125
0 0.36640625 0.08671875 0.0328125 0.0828125
0 0.278125 0.07734375 0.021875 0.075
0 0.32890625 0.05546875 0.0203125 0.0625
1 0.5265625 0.10859375 0.040625 0.06875
1 0.178125 0.20390625 0.040625 0.09375
1 0.3671875 0.06484375 0.04375 0.11875
1 0.315625 0.08359375 0.0484375 0.1234375
1 0.2765625 0.028125 0.025 0.0359375
2 0.5328125 0.15625 0.065625 0.1765625
2 0.18203125 0.2203125 0.0765625 0.1328125
2 0.36640625 0.06796875 0.040625 0.125
2 0.31171875 0.0859375 0.0390625 0.1359375
2 0.2796875 0.05859375 0.034375 0.096875
2 0.3328125 0.0484375 0.0328125 0.08125