0 0.0484375 0.38828125 0.0921875 0.1359375
0 0.31640625 0.5859375 0.159375 0.1328125
0 0.57890625 0.46171875 0.125 0.1078125
0 0.35625 0.4046875 0.153125 0.125
0 0.490625 0.31875 0.10625 0.090625
0 0.82109375 0.34765625 0.1 0.090625
0 0.91640625 0.30703125 0.0734375 0.0796875
1 0.31875 0.50234375 0.0765625 0.1328125
1 0.36015625 0.3328125 0.06875 0.1265625
1 0.4984375 0.2421875 0.0390625 0.0890625
1 0.55703125 0.3796875 0.0484375 0.1125
1 0.590625 0.390625 0.05 0.115625
1 0.80390625 0.28515625 0.0484375 0.1046875
1 0.83671875 0.28671875 0.040625 0.090625
1 0.93203125 0.25234375 0.0546875 0.0859375
2 0.325 0.5484375 0.165625 0.2140625
2 0.359375 0.36171875 0.1390625 0.1859375
2 0.5 0.2828125 0.128125 0.171875
2 0.584375 0.42265625 0.1359375 0.1859375
2 0.82421875 0.32265625 0.1046875 0.1578125
2 0.91640625 0.27578125 0.0921875 0.1421875