0 0.6859375 0.42109375 0.1265625 0.1140625
0 0.76796875 0.228125 0.0875 0.0875
0 0.53359375 0.3921875 0.11875 0.1
0 0.4546875 0.3171875 0.096875 0.0828125
0 0.30859375 0.3203125 0.1140625 0.0875
0 0.165625 0.4140625 0.1328125 0.0953125
0 0.9453125 0.3 0.078125 0.0765625
0 0.91640625 0.2328125 0.028125 0.0515625
1 0.1703125 0.4171875 0.0578125 0.0890625
1 0.15 0.35859375 0.046875 0.0953125
1 0.2921875 0.2546875 0.05 0.0984375
1 0.44140625 0.2578125 0.0515625 0.1
1 0.51015625 0.3140625 0.0421875 0.0953125
1 0.53515625 0.3203125 0.03125 0.0640625
1 0.64765625 0.35390625 0.0421875 0.115625
1 0.67578125 0.3484375 0.04375 0.1
1 0.7640625 0.15859375 0.040625 0.0890625
1 0.95 0.23828125 0.0515625 0.0875
1 0.94921875 0.18125 0.046875 0.084375
1 0.52109375 0.01484375 0.0328125 0.0296875
0 0.52265625 0.05546875 0.04375 0.075
0 0.978125 0.81484375 0.04375 0.1078125
1 0.9875 0.73671875 0.025 0.0765625
2 0.16171875 0.371875 0.1265625 0.13125
2 0.30625 0.284375 0.125 0.16875
2 0.45 0.28671875 0.1109375 0.165625
2 0.68203125 0.384375 0.13125 0.1953125
2 0.528125 0.34921875 0.13125 0.178125
2 0.52421875 0.05 0.0546875 0.1
2 0.765625 0.1921875 0.0984375 0.1625
2 0.940625 0.26953125 0.0890625 0.1421875
2 0.93828125 0.196875 0.075 0.1109375
2 0.96640625 0.80625 0.0671875 0.21875