0 0.6703125 0.9125 0.1 0.175
0 0.621875 0.865625 0.0796875 0.20625
1 0.6375 0.76015625 0.0734375 0.10625
1 0.68125 0.8328125 0.08125 0.1234375
1 0.69609375 0.80625 0.0328125 0.059375
1 0.64921875 0.4140625 0.025 0.0375
0 0.64453125 0.44453125 0.0265625 0.0515625
0 0.209375 0.50546875 0.0265625 0.0515625
1 0.2125 0.45859375 0.0234375 0.0546875
1 0.22109375 0.45390625 0.021875 0.05
2 0.2109375 0.475 0.046875 0.10625
2 0.6453125 0.43203125 0.0328125 0.0765625
2 0.62109375 0.8375 0.08125 0.275
2 0.678125 0.88046875 0.10625 0.2390625