0 0.4546875 0.18515625 0.0328125 0.103125
0 0.80390625 0.2421875 0.0640625 0.0703125
0 0.6703125 0.1140625 0.040625 0.0796875
0 0.61875 0.0828125 0.0296875 0.08125
0 0.70703125 0.0703125 0.0203125 0.075
0 0.65546875 0.04921875 0.0171875 0.0625
1 0.46015625 0.109375 0.0375 0.0671875
1 0.81171875 0.19296875 0.0375 0.0921875
1 0.61796875 0.0609375 0.040625 0.1171875
1 0.66953125 0.07734375 0.04375 0.121875
1 0.70703125 0.02109375 0.0234375 0.034375
2 0.45546875 0.1578125 0.059375 0.175
2 0.80859375 0.209375 0.071875 0.1296875
2 0.61875 0.0640625 0.0359375 0.1234375
2 0.6734375 0.0796875 0.034375 0.134375
2 0.7046875 0.05078125 0.03125 0.0953125
2 0.65078125 0.04296875 0.0296875 0.08125