0 0.396875 0.2421875 0.0328125 0.1015625
1 0.4015625 0.1640625 0.0359375 0.0734375
1 0.57421875 0.18203125 0.04375 0.0796875
1 0.62734375 0.190625 0.0375 0.0796875
0 0.565625 0.2546875 0.0390625 0.1140625
0 0.62421875 0.2671875 0.034375 0.103125
0 0.42421875 0.11796875 0.0328125 0.0796875
1 0.4265625 0.05390625 0.0359375 0.059375
0 0.446875 0.05703125 0.0265625 0.0625
1 0.4484375 0.01640625 0.025 0.0328125
1 0.57578125 0.01328125 0.0203125 0.021875
1 0.74921875 0.05 0.03125 0.0578125
1 0.815625 0.30546875 0.0390625 0.14375
0 0.8140625 0.3421875 0.0796875 0.084375
0 0.74375 0.11171875 0.0328125 0.08125
0 0.5796875 0.0484375 0.03125 0.0671875
2 0.4015625 0.20625 0.0515625 0.1578125
2 0.425 0.09453125 0.04375 0.1453125
2 0.446875 0.040625 0.028125 0.08125
2 0.5765625 0.040625 0.0328125 0.078125
2 0.5703125 0.228125 0.0484375 0.1734375
2 0.625 0.2375 0.0515625 0.175
2 0.7453125 0.08984375 0.034375 0.1296875
2 0.81875 0.3109375 0.0953125 0.15