1 0.43828125 0.84609375 0.06875 0.153125
1 0.46796875 0.81953125 0.0703125 0.1734375
1 0.49609375 0.82578125 0.0625 0.140625
0 0.43359375 0.8890625 0.19375 0.1859375
1 0.2890625 0.14140625 0.0546875 0.096875
0 0.2734375 0.2140625 0.05625 0.0953125
1 0.440625 0.03046875 0.046875 0.0609375
0 0.43359375 0.07890625 0.046875 0.0703125
1 0.6640625 0.1765625 0.0515625 0.08125
0 0.65 0.24765625 0.0609375 0.1125
0 0.76171875 0.2109375 0.0484375 0.0875
0 0.70078125 0.2109375 0.0421875 0.09375
0 0.40546875 0.0234375 0.0453125 0.046875
0 0.72890625 0.10546875 0.040625 0.0671875
1 0.77265625 0.16875 0.0265625 0.0421875
1 0.70703125 0.1484375 0.034375 0.0546875
1 0.7734375 0.14296875 0.040625 0.0640625
1 0.73671875 0.0640625 0.0453125 0.0578125
2 0.4453125 0.853125 0.2 0.2609375
2 0.28125 0.17734375 0.0796875 0.18125
2 0.440625 0.0546875 0.05 0.109375
2 0.73515625 0.0875 0.0546875 0.1203125
2 0.65625 0.21875 0.0640625 0.175
2 0.7015625 0.1921875 0.0546875 0.15625
2 0.765625 0.18125 0.0609375 0.1515625