0 0.61015625 0.05234375 0.03359375 0.075
0 0.6703125 0.33828125 0.10234375 0.0859375
0 0.8984375 0.3640625 0.084375 0.084375
0 0.9578125 0.29140625 0.07421875 0.0765625
0 0.73203125 0.26953125 0.0375 0.0953125
1 0.67265625 0.27265625 0.0453125 0.09765625
1 0.70546875 0.2203125 0.03984375 0.09296875
1 0.9109375 0.296875 0.03515625 0.103125
1 0.96328125 0.23671875 0.0421875 0.09296875
1 0.61015625 0.01875 0.03046875 0.03671875
0 0.76953125 0.0328125 0.01953125 0.0609375
2 0.60859375 0.0453125 0.04765625 0.08984375
2 0.665625 0.296875 0.10078125 0.1640625
2 0.71171875 0.2390625 0.0703125 0.13203125
2 0.9 0.3265625 0.090625 0.15546875
2 0.9640625 0.259375 0.06015625 0.14375