0 0.7140625 0.90390625 0.08046875 0.190625
0 0.659375 0.85078125 0.05859375 0.2015625
1 0.6640625 0.74453125 0.0640625 0.1
1 0.71484375 0.81171875 0.06875 0.11640625
1 0.72734375 0.784375 0.02734375 0.05703125
1 0.6390625 0.39921875 0.021875 0.03515625
0 0.63828125 0.4296875 0.02109375 0.05
0 0.21171875 0.5359375 0.02109375 0.05
1 0.209375 0.4890625 0.01796875 0.05234375
1 0.21796875 0.48359375 0.01640625 0.0484375
2 0.21015625 0.50546875 0.03671875 0.10234375
2 0.6375 0.4171875 0.025 0.07421875
2 0.65546875 0.82265625 0.053125 0.27109375
2 0.71796875 0.871875 0.0796875 0.25625