1 0.35234375 0.76171875 0.0375 0.05
1 0.35234375 0.7390625 0.0625 0.103125
1 0.34609375 0.69140625 0.034375 0.0515625
0 0.35078125 0.8375 0.0671875 0.1828125
0 0.57890625 0.80703125 0.0875 0.175
1 0.58125 0.7203125 0.053125 0.140625
1 0.39765625 0.46953125 0.021875 0.04375
1 0.42578125 0.421875 0.015625 0.040625
1 0.44296875 0.41484375 0.015625 0.034375
0 0.4453125 0.44453125 0.01875 0.046875
0 0.42734375 0.46171875 0.015625 0.053125
0 0.39921875 0.51640625 0.01875 0.0765625
0 0.3609375 0.32109375 0.0109375 0.0328125
1 0.3609375 0.29609375 0.0125 0.025
2 0.5796875 0.7796875 0.075 0.246875
2 0.35078125 0.79921875 0.08125 0.290625
2 0.4 0.49609375 0.028125 0.115625
2 0.44609375 0.42578125 0.021875 0.0734375
2 0.425 0.4421875 0.01875 0.090625
2 0.3609375 0.3109375 0.015625 0.0546875