0 0.6875 0.359375 0.134375 0.1046875
1 0.7171875 0.29453125 0.053125 0.1125
1 0.69140625 0.30546875 0.0578125 0.1203125
1 0.4453125 0.2140625 0.046875 0.0875
0 0.48203125 0.27890625 0.0546875 0.090625
1 0.31796875 0.23203125 0.0359375 0.05625
0 0.3875 0.12890625 0.04375 0.09375
1 0.22265625 0.2109375 0.03125 0.0796875
1 0.20390625 0.2140625 0.0328125 0.08125
1 0.1984375 0.08984375 0.0359375 0.0640625
1 0.34375 0.03828125 0.03125 0.04375
1 0.3765625 0.06015625 0.04375 0.065625
0 0.34296875 0.08984375 0.0359375 0.0921875
0 0.29609375 0.271875 0.034375 0.0578125
0 0.21796875 0.2734375 0.0921875 0.096875
0 0.209375 0.14296875 0.03125 0.0734375
0 0.0328125 0.30546875 0.0359375 0.0609375
1 0.009375 0.24921875 0.01875 0.0828125
2 0.6859375 0.32890625 0.1421875 0.190625
2 0.38359375 0.103125 0.0578125 0.1515625
2 0.2078125 0.11953125 0.053125 0.128125
2 0.453125 0.24609375 0.10625 0.1703125
2 0.21328125 0.24609375 0.0984375 0.15625
2 0.30546875 0.24921875 0.071875 0.0984375
2 0.34296875 0.07265625 0.053125 0.1140625
2 0.02578125 0.271875 0.0515625 0.14375