0 0.32109375 0.075 0.0453125 0.0796875
0 0.30625 0.3671875 0.1140625 0.1015625
0 0.08515625 0.428125 0.096875 0.096875
0 0.02890625 0.365625 0.0578125 0.0875
0 0.23515625 0.30859375 0.0515625 0.1
1 0.29375 0.30234375 0.059375 0.103125
1 0.253125 0.25625 0.053125 0.0984375
1 0.0625 0.36328125 0.0515625 0.1078125
1 0.01484375 0.31171875 0.0296875 0.0984375
1 0.315625 0.0421875 0.0359375 0.040625
0 0.1609375 0.08046875 0.028125 0.0625
2 0.321875 0.06796875 0.0609375 0.096875
2 0.3046875 0.325 0.125 0.178125
2 0.25 0.27578125 0.090625 0.140625
2 0.078125 0.39140625 0.1140625 0.1671875
2 0.021875 0.33515625 0.04375 0.1515625