0 0.6578125 0.94375 0.1890625 0.1
0 0.4234375 0.79375 0.1546875 0.1453125
0 0.2484375 0.71953125 0.15 0.1296875
0 0.10390625 0.65859375 0.1390625 0.1265625
0 0.0546875 0.16328125 0.0703125 0.0859375
0 0.27109375 0.1890625 0.025 0.08125
0 0.36953125 0.18359375 0.03125 0.096875
0 0.315625 0.09375 0.025 0.0796875
0 0.8078125 0.196875 0.071875 0.0828125
0 0.73984375 0.115625 0.0578125 0.0734375
1 0.8109375 0.12890625 0.0453125 0.0734375
1 0.740625 0.0640625 0.04375 0.071875
1 0.3640625 0.11171875 0.0390625 0.08125
1 0.3109375 0.034375 0.0296875 0.0546875
1 0.26640625 0.13359375 0.0171875 0.03125
1 0.26640625 0.1125 0.0296875 0.046875
1 0.26328125 0.08828125 0.0140625 0.0203125
1 0.0515625 0.1171875 0.025 0.053125
1 0.08828125 0.571875 0.05625 0.121875
1 0.22109375 0.63203125 0.053125 0.125
1 0.41015625 0.7125 0.065625 0.125
1 0.640625 0.8671875 0.09375 0.1453125
2 0.80546875 0.1625 0.0875 0.1625
2 0.7390625 0.09140625 0.05625 0.1359375
2 0.36875 0.14921875 0.0484375 0.1625
2 0.3140625 0.0734375 0.0375 0.1296875
2 0.2703125 0.1546875 0.053125 0.1609375
2 0.0515625 0.1484375 0.0765625 0.115625
2 0.103125 0.61484375 0.1390625 0.2109375
2 0.2453125 0.67421875 0.1484375 0.2046875
2 0.4296875 0.7640625 0.175 0.2484375
2 0.6484375 0.890625 0.20625 0.209375