0 0.22265625 0.64140625 0.103125 0.21875
1 0.21953125 0.578125 0.05859375 0.24453125
1 0.878125 0.175 0.0296875 0.08359375
1 0.728125 0.08671875 0.0421875 0.07734375
1 0.64609375 0.0609375 0.03359375 0.0515625
0 0.65546875 0.02265625 0.06015625 0.0453125
0 0.8671875 0.225 0.0875 0.10234375
0 0.72890625 0.12734375 0.04765625 0.0765625
0 0.65078125 0.12578125 0.03671875 0.09609375
2 0.22265625 0.60703125 0.11484375 0.3
2 0.865625 0.20546875 0.08828125 0.1484375
2 0.72578125 0.10703125 0.04921875 0.1265625
2 0.64609375 0.1046875 0.03671875 0.13984375