0 0.29453125 0.38671875 0.12265625 0.08828125
1 0.25625 0.3265625 0.0390625 0.1078125
1 0.28359375 0.33359375 0.04140625 0.11640625
1 0.5140625 0.209375 0.03515625 0.08359375
0 0.48671875 0.27890625 0.04375 0.08515625
1 0.64296875 0.209375 0.028125 0.053125
0 0.56015625 0.1171875 0.03125 0.08984375
1 0.734375 0.175 0.0203125 0.078125
1 0.753125 0.17578125 0.021875 0.0796875
1 0.74140625 0.0515625 0.02734375 0.06015625
1 0.590625 0.02109375 0.025 0.04140625
1 0.5609375 0.046875 0.0359375 0.0609375
0 0.5984375 0.071875 0.0234375 0.0890625
0 0.6703125 0.2453125 0.02734375 0.0546875
0 0.74765625 0.23671875 0.08046875 0.08671875
0 0.73828125 0.10625 0.021875 0.0703125
0 0.93515625 0.2421875 0.02890625 0.0578125
1 0.9640625 0.18203125 0.0359375 0.078125
2 0.2921875 0.35625 0.11953125 0.17578125
2 0.56015625 0.090625 0.0375 0.14765625
2 0.73671875 0.0828125 0.0359375 0.12421875
2 0.5109375 0.2421875 0.084375 0.159375
2 0.7484375 0.20859375 0.07890625 0.14609375
2 0.6578125 0.22421875 0.059375 0.09140625
2 0.59609375 0.0546875 0.0390625 0.109375
2 0.95859375 0.20625 0.07578125 0.13515625