0 0.0609375 0.27734375 0.09453125 0.10546875
0 0.40234375 0.371875 0.04296875 0.12890625
0 0.13828125 0.6703125 0.05859375 0.16953125
0 0.27109375 0.95 0.14375 0.0875
0 0.50859375 0.11875 0.04375 0.09609375
0 0.8328125 0.19765625 0.08515625 0.12109375
0 0.953125 0.36015625 0.090625 0.1234375
1 0.053125 0.22265625 0.0546875 0.10078125
1 0.16640625 0.57578125 0.046875 0.1359375
1 0.2640625 0.88203125 0.0875 0.15859375
1 0.40859375 0.284375 0.0375 0.0828125
1 0.41875 0.2609375 0.0328125 0.06953125
1 0.5125 0.05 0.0296875 0.06953125
1 0.84375 0.14375 0.02734375 0.084375
1 0.9609375 0.3125 0.05 0.09921875
2 0.05546875 0.25078125 0.1078125 0.1671875
2 0.4046875 0.33125 0.07109375 0.20859375
2 0.16171875 0.62578125 0.1296875 0.25390625
2 0.26875 0.8953125 0.15625 0.1984375
2 0.509375 0.090625 0.04921875 0.15703125
2 0.83203125 0.1828125 0.0765625 0.15078125
2 0.95 0.34609375 0.1 0.1640625