1 0.528125 0.42890625 0.01953125 0.02578125
0 0.528125 0.48046875 0.01484375 0.05625
0 0.57421875 0.403125 0.0171875 0.04453125
0 0.646875 0.45625 0.01796875 0.05
1 0.528125 0.4484375 0.01953125 0.03515625
1 0.5734375 0.37109375 0.0125 0.028125
1 0.64609375 0.41953125 0.0203125 0.03671875
2 0.528125 0.46328125 0.0234375 0.0921875
1 0.015625 0.57890625 0.02734375 0.0796875
0 0.01328125 0.63125 0.02578125 0.0734375
2 0.015625 0.59921875 0.0296875 0.13125
2 0.57421875 0.38828125 0.01640625 0.07734375
2 0.646875 0.44296875 0.0234375 0.08203125