1 0.2734375 0.69375 0.0921875 0.20625
1 0.746875 0.24765625 0.06875 0.134375
1 0.82265625 0.24140625 0.0390625 0.0859375
1 0.75078125 0.084375 0.0453125 0.0734375
1 0.55 0.06796875 0.040625 0.053125
1 0.56171875 0.0625 0.0234375 0.0578125
0 0.53359375 0.11796875 0.05 0.0890625
0 0.73984375 0.1328125 0.0578125 0.078125
0 0.7359375 0.278125 0.075 0.1109375
0 0.809375 0.2828125 0.075 0.1171875
0 0.278125 0.74765625 0.1546875 0.2171875
2 0.2765625 0.72578125 0.15 0.271875
2 0.53984375 0.09453125 0.06875 0.1390625
2 0.74140625 0.26171875 0.078125 0.1609375
2 0.81171875 0.26953125 0.0828125 0.153125
2 0.7421875 0.11328125 0.06875 0.1359375