0 0.0375 0.45234375 0.075 0.1265625
0 0.33046875 0.6109375 0.1453125 0.11328125
0 0.57265625 0.45078125 0.11328125 0.09296875
0 0.34453125 0.42578125 0.13984375 0.10703125
0 0.465625 0.321875 0.096875 0.07734375
0 0.796875 0.3046875 0.0890625 0.0796875
0 0.88515625 0.25078125 0.0640625 0.071875
1 0.32109375 0.52734375 0.06015625 0.12578125
1 0.33828125 0.35390625 0.053125 0.12109375
1 0.4625 0.24453125 0.02734375 0.08671875
1 0.53984375 0.37265625 0.034375 0.10859375
1 0.57421875 0.37890625 0.034375 0.1125
1 0.77109375 0.2453125 0.034375 0.10078125
1 0.80390625 0.2421875 0.028125 0.08828125
1 0.89296875 0.19453125 0.04375 0.08125
2 0.33359375 0.57265625 0.13984375 0.19609375
2 0.34140625 0.3828125 0.115625 0.171875
2 0.46953125 0.28515625 0.10625 0.159375
2 0.57265625 0.41171875 0.11328125 0.17109375
2 0.79609375 0.2796875 0.08515625 0.146875
2 0.88125 0.2203125 0.075 0.1328125