0 0.3140625 0.43671875 0.13515625 0.10546875
0 0.6015625 0.45078125 0.10234375 0.0859375
0 0.84140625 0.315625 0.08046875 0.08828125
0 0.95625 0.34296875 0.0875 0.078125
0 0.7359375 0.1046875 0.0296875 0.0796875
0 0.5953125 0.06875 0.02578125 0.07265625
1 0.30234375 0.37109375 0.05 0.11875
1 0.56640625 0.38125 0.0359375 0.115625
1 0.59921875 0.378125 0.03671875 0.10703125
1 0.83515625 0.25234375 0.0421875 0.0875
1 0.96953125 0.296875 0.03984375 0.1125
1 0.7390625 0.05078125 0.0359375 0.053125
1 0.58984375 0.021875 0.0265625 0.040625
2 0.30625 0.40078125 0.12421875 0.1796875
2 0.59375 0.4140625 0.1125 0.1828125
2 0.8375 0.28515625 0.078125 0.14609375
2 0.7375 0.08828125 0.0421875 0.1359375
2 0.9515625 0.31484375 0.09375 0.1390625
2 0.590625 0.05390625 0.04140625 0.1078125