1 0.4046875 0.5546875 0.07109375 0.1375
0 0.425 0.646875 0.14375 0.10859375
0 0.725 0.54765625 0.11640625 0.121875
1 0.69453125 0.4890625 0.059375 0.103125
1 0.728125 0.48984375 0.04609375 0.12890625
1 0.27421875 0.05859375 0.046875 0.06171875
1 0.55546875 0.025 0.034375 0.05
1 0.61796875 0.04609375 0.034375 0.06484375
1 0.66484375 0.02578125 0.0328125 0.05078125
1 0.965625 0.17890625 0.0390625 0.07421875
0 0.55546875 0.0734375 0.02578125 0.07578125
0 0.61328125 0.09921875 0.03671875 0.084375
0 0.65859375 0.0796875 0.03125 0.0796875
0 0.95078125 0.2328125 0.06875 0.065625
0 0.88984375 0.11953125 0.0234375 0.06328125
2 0.42734375 0.60546875 0.13984375 0.20703125
2 0.72109375 0.51875 0.128125 0.17734375
2 0.9546875 0.20546875 0.07421875 0.12109375
2 0.5546875 0.0578125 0.04375 0.115625
2 0.615625 0.078125 0.03828125 0.13046875
2 0.66328125 0.06015625 0.040625 0.1203125