0 0.665625 0.94140625 0.190625 0.103125
0 0.42890625 0.79453125 0.15625 0.1484375
0 0.25234375 0.72421875 0.1515625 0.1328125
0 0.10625 0.665625 0.140625 0.1296875
0 0.0484375 0.17109375 0.071875 0.0875
0 0.265625 0.19296875 0.0265625 0.08125
0 0.3640625 0.1859375 0.0328125 0.096875
0 0.30859375 0.096875 0.0265625 0.0796875
0 0.80234375 0.19140625 0.0734375 0.084375
0 0.7328125 0.11171875 0.0578125 0.0734375
1 0.80390625 0.1234375 0.0453125 0.075
1 0.7328125 0.06015625 0.0453125 0.0734375
1 0.35703125 0.1140625 0.040625 0.08125
1 0.303125 0.0375 0.0296875 0.0546875
1 0.26015625 0.1375 0.01875 0.0328125
1 0.259375 0.11640625 0.0296875 0.046875
1 0.25625 0.09296875 0.0140625 0.0203125
1 0.04453125 0.125 0.0265625 0.053125
1 0.08984375 0.5796875 0.0578125 0.1234375
1 0.2234375 0.63671875 0.05625 0.125
1 0.4140625 0.7140625 0.0671875 0.1265625
1 0.646875 0.86484375 0.0953125 0.146875
2 0.8 0.15703125 0.0890625 0.1640625
2 0.73203125 0.0875 0.059375 0.1375
2 0.3625 0.1515625 0.0515625 0.1625
2 0.30625 0.0765625 0.040625 0.13125
2 0.26484375 0.15859375 0.05625 0.1609375
2 0.0453125 0.15625 0.078125 0.1171875
2 0.1046875 0.621875 0.1421875 0.2140625
2 0.2484375 0.678125 0.1515625 0.2078125
2 0.434375 0.765625 0.1796875 0.25
2 0.6546875 0.8875 0.209375 0.2125