0 0.69296875 0.440625 0.11640625 0.103125
0 0.79453125 0.2578125 0.07890625 0.07890625
0 0.54453125 0.39609375 0.109375 0.08828125
0 0.47421875 0.31328125 0.0890625 0.0734375
0 0.328125 0.3015625 0.10703125 0.0765625
0 0.1765625 0.3796875 0.12421875 0.08203125
0 0.9640625 0.34765625 0.071875 0.06953125
0 0.9421875 0.278125 0.02265625 0.04921875
1 0.18046875 0.3828125 0.04921875 0.084375
1 0.16640625 0.32265625 0.0375 0.0921875
1 0.31875 0.234375 0.040625 0.0953125
1 0.4671875 0.253125 0.0421875 0.09609375
1 0.5296875 0.31640625 0.03203125 0.09296875
1 0.55390625 0.325 0.02421875 0.0625
1 0.66171875 0.3703125 0.03125 0.11328125
1 0.690625 0.36796875 0.03359375 0.09765625
1 0.7984375 0.18828125 0.03203125 0.08671875
1 0.975 0.28671875 0.04296875 0.08359375
1 0.98046875 0.2296875 0.0390625 0.08046875
1 0.571875 0.01640625 0.02890625 0.0328125
0 0.56875 0.06015625 0.0359375 0.07109375
0 0.959375 0.865625 0.06796875 0.1015625
1 0.97578125 0.7890625 0.04765625 0.07265625
2 0.1765625 0.3375 0.11484375 0.1203125
2 0.3296875 0.265625 0.10859375 0.1578125
2 0.47265625 0.2828125 0.0953125 0.15625
2 0.69296875 0.40390625 0.11328125 0.184375
2 0.54375 0.353125 0.11484375 0.16640625
2 0.571875 0.0515625 0.04375 0.103125
2 0.79609375 0.221875 0.08203125 0.15546875
2 0.9625 0.3171875 0.075 0.134375
2 0.9671875 0.24453125 0.06484375 0.10546875
2 0.9546875 0.85546875 0.090625 0.2109375