0 0.7609375 0.66953125 0.125 0.228125
1 0.77109375 0.60703125 0.084375 0.25
1 0.1578125 0.1375 0.0375 0.0859375
1 0.31640625 0.06484375 0.05 0.08125
1 0.40078125 0.0484375 0.0390625 0.0546875
0 0.39453125 0.0171875 0.0640625 0.034375
0 0.16328125 0.18828125 0.0984375 0.1109375
0 0.3109375 0.10546875 0.0546875 0.08125
0 0.3890625 0.11171875 0.046875 0.1
2 0.76484375 0.63515625 0.1453125 0.3109375
2 0.1671875 0.16875 0.103125 0.15625
2 0.31640625 0.0859375 0.0625 0.13125
2 0.39609375 0.09140625 0.0515625 0.1421875