0 0.63125 0.65859375 0.046875 0.115625
0 0.553125 0.609375 0.0515625 0.1140625
0 0.61171875 0.49296875 0.0265625 0.06875
0 0.60546875 0.35703125 0.0171875 0.04375
1 0.55859375 0.55703125 0.0390625 0.0625
1 0.5625 0.534375 0.028125 0.0453125
1 0.6171875 0.4546875 0.025 0.040625
1 0.62265625 0.44375 0.0125 0.028125
1 0.63515625 0.58984375 0.04375 0.0796875
1 0.60859375 0.3296875 0.015625 0.028125
2 0.55546875 0.5859375 0.059375 0.1671875
2 0.63359375 0.63671875 0.065625 0.1671875
2 0.60703125 0.34375 0.0296875 0.0734375
2 0.61328125 0.47734375 0.0421875 0.1046875