1 0.59453125 0.55625 0.0734375 0.1390625
0 0.57265625 0.6484375 0.1453125 0.1109375
0 0.27421875 0.54375 0.11875 0.1234375
1 0.30546875 0.4859375 0.0609375 0.1046875
1 0.271875 0.4859375 0.0484375 0.1296875
1 0.73359375 0.0625 0.0484375 0.0625
1 0.45234375 0.02421875 0.0359375 0.0484375
1 0.38984375 0.04375 0.0359375 0.065625
1 0.34375 0.02421875 0.034375 0.0484375
1 0.03984375 0.17109375 0.040625 0.075
0 0.45234375 0.07265625 0.0265625 0.0765625
0 0.39375 0.09765625 0.0375 0.084375
0 0.3484375 0.07734375 0.0328125 0.0796875
0 0.05390625 0.225 0.0703125 0.0671875
0 0.1171875 0.1125 0.025 0.0640625
2 0.57109375 0.60703125 0.14375 0.209375
2 0.27890625 0.51484375 0.13125 0.1796875
2 0.05078125 0.19765625 0.0765625 0.121875
2 0.45234375 0.05703125 0.0453125 0.1140625
2 0.39140625 0.07578125 0.040625 0.13125
2 0.34453125 0.05859375 0.0421875 0.1171875