0 0.71171875 0.32421875 0.1328125 0.11875
0 0.28125 0.3296875 0.096875 0.096875
0 0.159375 0.35546875 0.10625 0.1
0 0.3625 0.07890625 0.0359375 0.071875
0 0.69140625 0.8640625 0.090625 0.140625
0 0.36484375 0.97734375 0.1453125 0.0453125
1 0.6359375 0.853125 0.0890625 0.178125
1 0.59453125 0.86875 0.0828125 0.15625
1 0.36171875 0.946875 0.0828125 0.10625
1 0.7171875 0.25703125 0.0640625 0.1046875
1 0.265625 0.27578125 0.0640625 0.1015625
1 0.14375 0.30703125 0.0578125 0.0921875
1 0.3546875 0.034375 0.0328125 0.0375
2 0.71015625 0.29140625 0.1453125 0.18125
2 0.271875 0.2984375 0.11875 0.1625
2 0.1515625 0.32890625 0.115625 0.1578125
2 0.36015625 0.0671875 0.05625 0.10625
2 0.63984375 0.86953125 0.2125 0.2515625
2 0.36484375 0.9421875 0.1734375 0.115625