1 0.50859375 0.89140625 0.04296875 0.0859375
1 0.553125 0.8921875 0.025 0.10390625
1 0.53828125 0.8171875 0.034375 0.08046875
1 0.509375 0.86875 0.08203125 0.15234375
0 0.50234375 0.94765625 0.0890625 0.1046875
0 0.621875 0.3234375 0.01015625 0.0328125
0 0.2640625 0.434375 0.01640625 0.040625
1 0.2609375 0.40703125 0.0171875 0.03203125
1 0.265625 0.40078125 0.0125 0.0296875
1 0.6203125 0.3 0.0140625 0.0265625
0 0.03203125 0.5625 0.02109375 0.05546875
1 0.0265625 0.5140625 0.0203125 0.05859375
1 0.03515625 0.50703125 0.01484375 0.05078125
2 0.03203125 0.53203125 0.034375 0.12265625
2 0.2609375 0.41953125 0.021875 0.075
2 0.62109375 0.3140625 0.01484375 0.0578125
2 0.51171875 0.878125 0.1265625 0.22109375