1 0.49296875 0.02578125 0.0390625 0.0515625
1 0.5796875 0.03515625 0.025 0.0625
1 0.596875 0.04375 0.0203125 0.0578125
1 0.66015625 0.14140625 0.0421875 0.0828125
1 0.74375 0.1515625 0.0421875 0.08125
0 0.49453125 0.06953125 0.053125 0.0859375
0 0.58046875 0.0859375 0.053125 0.0921875
0 0.6578125 0.20078125 0.0703125 0.0984375
0 0.7421875 0.21328125 0.090625 0.109375
2 0.49296875 0.053125 0.0546875 0.10625
2 0.58046875 0.065625 0.0609375 0.121875
2 0.65546875 0.17421875 0.078125 0.1515625
2 0.740625 0.1890625 0.0984375 0.159375