0 0.58515625 0.55 0.025 0.075
0 0.5328125 0.5484375 0.02890625 0.071875
0 0.55546875 0.44140625 0.0203125 0.05859375
0 0.60390625 0.4421875 0.01875 0.05703125
1 0.53359375 0.5015625 0.02421875 0.04140625
1 0.5328125 0.5203125 0.03046875 0.09375
1 0.58671875 0.49921875 0.02890625 0.0484375
1 0.55546875 0.40703125 0.01953125 0.03046875
1 0.6046875 0.4125 0.015625 0.03515625
1 0.6046875 0.42265625 0.02109375 0.05859375
1 0.2046875 0.42578125 0.015625 0.040625
0 0.20546875 0.459375 0.01484375 0.04140625
2 0.20625 0.43984375 0.02109375 0.07890625
2 0.55625 0.42734375 0.02265625 0.08125
2 0.5328125 0.5296875 0.03515625 0.1109375
2 0.584375 0.5328125 0.02734375 0.1140625
2 0.60546875 0.43046875 0.02265625 0.078125
1 0.58359375 0.24609375 0.0078125 0.01875
0 0.58515625 0.2625 0.01015625 0.03203125
2 0.58515625 0.25390625 0.0125 0.0515625