1 0.62890625 0.53203125 0.015625 0.0265625
1 0.62734375 0.5203125 0.03125 0.0484375
1 0.62109375 0.4625 0.0234375 0.0421875
1 0.665625 0.6609375 0.05625 0.1125
1 0.553125 0.69375 0.059375 0.146875
0 0.63203125 0.565625 0.0421875 0.0921875
0 0.5875 0.3015625 0.0171875 0.0359375
0 0.59453125 0.26953125 0.0125 0.0328125
0 0.5796875 0.25234375 0.0109375 0.025
1 0.5859375 0.2796875 0.0109375 0.025
1 0.59140625 0.24609375 0.0140625 0.021875
1 0.578125 0.2359375 0.0140625 0.0203125
2 0.6296875 0.55078125 0.0484375 0.121875
2 0.57890625 0.24609375 0.0140625 0.0421875
2 0.5921875 0.2578125 0.0171875 0.0546875
2 0.58671875 0.290625 0.01875 0.05625