1 0.11484375 0.94296875 0.1015625 0.1140625
0 0.140625 0.95390625 0.15625 0.0921875
1 0.93359375 0.059375 0.0265625 0.059375
1 0.915625 0.05625 0.0265625 0.0546875
0 0.9203125 0.103125 0.065625 0.0671875
1 0.6515625 0.11171875 0.0453125 0.0734375
1 0.59609375 0.08515625 0.0453125 0.0765625
1 0.55 0.0796875 0.0453125 0.0625
1 0.5515625 0.04453125 0.01875 0.0296875
0 0.553125 0.14140625 0.046875 0.0984375
0 0.60625 0.153125 0.040625 0.1
0 0.659375 0.18046875 0.0421875 0.1125
2 0.13828125 0.92890625 0.1703125 0.1421875
2 0.55 0.1109375 0.0703125 0.18125
2 0.603125 0.12578125 0.05625 0.159375
2 0.65859375 0.15234375 0.0625 0.1703125
2 0.9171875 0.075 0.071875 0.11875