0 0.2359375 0.15703125 0.0625 0.0765625
1 0.23203125 0.09609375 0.04921875 0.109375
1 0.5953125 0.11484375 0.0375 0.08515625
0 0.590625 0.17890625 0.03828125 0.0890625
0 0.596875 0.05546875 0.02578125 0.04609375
1 0.5984375 0.01953125 0.02890625 0.0390625
0 0.62578125 0.0265625 0.0171875 0.05234375
0 0.65546875 0.0703125 0.0390625 0.0765625
1 0.65859375 0.021875 0.0328125 0.04375
0 0.75 0.0328125 0.04375 0.065625
0 0.1765625 0.34140625 0.1125 0.071875
1 0.16796875 0.28828125 0.05 0.1171875
1 0.0734375 0.35234375 0.0421875 0.1
1 0.140625 0.38359375 0.0484375 0.09765625
1 0.1046875 0.38046875 0.03828125 0.11640625
1 0.3671875 0.36015625 0.05703125 0.11640625
1 0.390625 0.25546875 0.06015625 0.1015625
1 0.51015625 0.30625 0.04453125 0.09765625
1 0.53359375 0.4546875 0.046875 0.15625
1 0.6640625 0.21640625 0.0328125 0.08359375
1 0.66875 0.384375 0.05 0.14296875
1 0.7 0.38125 0.040625 0.146875
0 0.6921875 0.43671875 0.09921875 0.07578125
1 0.7625 0.2859375 0.0359375 0.096875
1 0.83046875 0.2546875 0.02734375 0.10703125
1 0.884375 0.33515625 0.0375 0.1359375
1 0.909375 0.3375 0.028125 0.13515625
1 0.9203125 0.321875 0.0203125 0.0578125
1 0.9703125 0.23515625 0.03828125 0.0796875
0 0.89765625 0.38125 0.08984375 0.09296875
0 0.965625 0.2921875 0.06796875 0.07421875
0 0.7671875 0.3578125 0.09140625 0.084375
0 0.8203125 0.29453125 0.08359375 0.07109375
0 0.6640625 0.2734375 0.09609375 0.08203125
0 0.53359375 0.48984375 0.13359375 0.109375
0 0.5203125 0.36953125 0.10859375 0.09140625
0 0.409375 0.31875 0.1078125 0.06875
0 0.37421875 0.434375 0.12734375 0.090625
0 0.15546875 0.4625 0.1328125 0.08203125
0 0.05859375 0.4203125 0.06015625 0.078125
2 0.2390625 0.11796875 0.071875 0.15390625
2 0.1796875 0.30390625 0.11171875 0.140625
2 0.06171875 0.37421875 0.05703125 0.1515625
2 0.1515625 0.4125 0.1390625 0.17890625
2 0.375 0.3953125 0.11640625 0.178125
2 0.53203125 0.45859375 0.125 0.17578125
2 0.51796875 0.32734375 0.096875 0.15703125
2 0.403125 0.2671875 0.10390625 0.14765625
2 0.66640625 0.240625 0.07890625 0.13515625
2 0.690625 0.39375 0.1109375 0.171875
2 0.7671875 0.321875 0.08203125 0.15
2 0.8203125 0.25859375 0.071875 0.13125
2 0.8984375 0.340625 0.090625 0.16875
2 0.96875 0.26015625 0.0625 0.12734375
2 0.59453125 0.14375 0.04375 0.153125
2 0.65625 0.05546875 0.04609375 0.11015625
2 0.59609375 0.04140625 0.03515625 0.07890625