1 0.184375 0.45234375 0.0703125 0.13125
1 0.6015625 0.3015625 0.05625 0.096875
1 0.51328125 0.13984375 0.046875 0.0875
1 0.3265625 0.1765625 0.040625 0.0921875
1 0.340625 0.0734375 0.03125 0.0921875
1 0.61015625 0.05625 0.0421875 0.065625
0 0.61484375 0.3765625 0.053125 0.1265625
0 0.60859375 0.11640625 0.0546875 0.0921875
0 0.521875 0.19296875 0.040625 0.1015625
0 0.32109375 0.24453125 0.0390625 0.08125
0 0.19296875 0.51875 0.1265625 0.1796875
0 0.3484375 0.10390625 0.0453125 0.0921875
0 0.39140625 0.02890625 0.040625 0.053125
0 0.04609375 0.17265625 0.065625 0.071875
1 0.04765625 0.1203125 0.0390625 0.0421875
2 0.61015625 0.34609375 0.071875 0.196875
2 0.61484375 0.0921875 0.0484375 0.1453125
2 0.515625 0.16953125 0.05625 0.1578125
2 0.325 0.20078125 0.05 0.1453125
2 0.2015625 0.48984375 0.1234375 0.203125
2 0.3421875 0.08984375 0.0484375 0.1203125
2 0.04140625 0.14921875 0.06875 0.121875