0 0.3921875 0.24375 0.03125 0.1015625
1 0.39609375 0.165625 0.034375 0.07265625
1 0.56875 0.18046875 0.0421875 0.07890625
1 0.621875 0.18828125 0.0359375 0.07890625
0 0.56171875 0.25390625 0.0375 0.11328125
0 0.6203125 0.26484375 0.03203125 0.10234375
0 0.4171875 0.11953125 0.03203125 0.0796875
1 0.41875 0.05546875 0.034375 0.059375
0 0.4390625 0.0578125 0.025 0.06171875
1 0.440625 0.0171875 0.02421875 0.034375
1 0.5671875 0.01171875 0.0203125 0.021875
1 0.74140625 0.04609375 0.0296875 0.05703125
1 0.8125 0.3 0.03671875 0.14375
0 0.8109375 0.33671875 0.07890625 0.08359375
0 0.73671875 0.1078125 0.03125 0.08125
0 0.571875 0.046875 0.03046875 0.06640625
2 0.39609375 0.2078125 0.0484375 0.15625
2 0.41796875 0.09609375 0.04140625 0.14453125
2 0.4390625 0.04140625 0.0265625 0.08046875
2 0.56875 0.0390625 0.03125 0.078125
2 0.565625 0.2265625 0.04609375 0.17265625
2 0.6203125 0.23515625 0.04921875 0.17421875
2 0.73828125 0.0859375 0.03203125 0.1296875
2 0.815625 0.30546875 0.0921875 0.1484375