0 0.7484375 0.88359375 0.096875 0.196875
0 0.6890625 0.8359375 0.0765625 0.20625
1 0.684375 0.7296875 0.071875 0.1046875
1 0.74140625 0.7921875 0.078125 0.121875
1 0.7515625 0.76328125 0.0328125 0.059375
1 0.6296875 0.3875 0.025 0.0375
0 0.63125 0.41796875 0.025 0.0515625
0 0.215625 0.5609375 0.025 0.0515625
1 0.209375 0.5140625 0.021875 0.053125
1 0.21796875 0.50859375 0.0203125 0.05
2 0.21171875 0.53046875 0.0453125 0.1046875
2 0.6296875 0.40546875 0.03125 0.0765625
2 0.6828125 0.8078125 0.0765625 0.275
2 0.74921875 0.8515625 0.1015625 0.2625