1 0.5375 0.85 0.059375 0.1515625
1 0.51015625 0.82109375 0.0578125 0.1703125
1 0.48125 0.82578125 0.053125 0.1390625
0 0.5390625 0.89296875 0.184375 0.175
1 0.73515625 0.15703125 0.0484375 0.0953125
0 0.74609375 0.23046875 0.05 0.09375
1 0.59140625 0.0328125 0.0421875 0.065625
0 0.5953125 0.084375 0.0421875 0.06875
1 0.359375 0.16640625 0.046875 0.0796875
0 0.36796875 0.2375 0.053125 0.1109375
0 0.259375 0.19375 0.04375 0.0859375
0 0.31953125 0.19765625 0.0359375 0.0921875
0 0.628125 0.02734375 0.040625 0.0546875
0 0.29921875 0.090625 0.0359375 0.065625
1 0.25078125 0.15 0.025 0.040625
1 0.31796875 0.134375 0.03125 0.053125
1 0.25234375 0.125 0.0375 0.0609375
1 0.29453125 0.0484375 0.0421875 0.0546875
2 0.5296875 0.85546875 0.184375 0.2515625
2 0.740625 0.19375 0.0671875 0.178125
2 0.58984375 0.05625 0.0421875 0.1125
2 0.29375 0.071875 0.046875 0.11875
2 0.3640625 0.20859375 0.053125 0.1734375
2 0.3203125 0.17890625 0.0453125 0.1546875
2 0.25703125 0.1640625 0.05 0.15