1 0.8171875 0.46328125 0.075 0.134375
1 0.40546875 0.2984375 0.059375 0.0984375
1 0.49921875 0.13984375 0.05 0.0890625
1 0.684375 0.1828125 0.04375 0.09375
1 0.67421875 0.07890625 0.034375 0.0921875
1 0.40546875 0.05234375 0.04375 0.0671875
0 0.38984375 0.37265625 0.0578125 0.128125
0 0.4046875 0.1125 0.0578125 0.09375
0 0.48828125 0.1921875 0.04375 0.1015625
0 0.6875 0.25078125 0.0421875 0.08125
0 0.80625 0.52890625 0.1328125 0.1828125
0 0.66484375 0.11015625 0.0484375 0.09375
0 0.625 0.03359375 0.0421875 0.0546875
0 0.96484375 0.1890625 0.0671875 0.075
1 0.965625 0.1359375 0.040625 0.04375
2 0.3953125 0.3421875 0.078125 0.1984375
2 0.39921875 0.08828125 0.053125 0.146875
2 0.49609375 0.16953125 0.0609375 0.159375
2 0.68515625 0.20703125 0.0546875 0.146875
2 0.7984375 0.50078125 0.1296875 0.20625
2 0.67265625 0.0953125 0.053125 0.121875
2 0.9671875 0.165625 0.065625 0.125