0 0.11484375 0.775 0.12578125 0.19921875
1 0.10234375 0.7234375 0.06953125 0.19609375
1 0.37109375 0.53984375 0.059375 0.22578125
0 0.36640625 0.59140625 0.0953125 0.18515625
0 0.24375 0.45859375 0.07109375 0.16953125
0 0.565625 0.5515625 0.07421875 0.1875
0 0.56875 0.37578125 0.04140625 0.096875
0 0.825 0.30078125 0.059375 0.12265625
1 0.24140625 0.41015625 0.0515625 0.18359375
1 0.571875 0.515625 0.04375 0.19375
1 0.56875 0.296875 0.04140625 0.08203125
1 0.57265625 0.26328125 0.0359375 0.05234375
1 0.82734375 0.26796875 0.05 0.1484375
1 0.31640625 0.01953125 0.03203125 0.03828125
2 0.1125 0.74921875 0.1328125 0.24921875
2 0.24296875 0.43515625 0.07109375 0.2296875
2 0.36875 0.553125 0.0984375 0.25078125
2 0.56953125 0.528125 0.0734375 0.23046875
2 0.5703125 0.33125 0.05546875 0.20703125
2 0.825 0.28203125 0.06484375 0.17421875