1 0.38125 0.38671875 0.06875 0.1640625
1 0.42109375 0.36640625 0.0328125 0.059375
1 0.40546875 0.38671875 0.0578125 0.146875
1 0.6484375 0.16796875 0.0453125 0.0796875
1 0.78984375 0.17734375 0.0359375 0.0671875
1 0.68671875 0.1390625 0.0359375 0.0609375
1 0.753125 0.1328125 0.0359375 0.0625
1 0.95703125 0.1484375 0.028125 0.09375
1 0.71171875 0.05078125 0.03125 0.0546875
1 0.71640625 0.02890625 0.0125 0.01875
1 0.74921875 0.1453125 0.0265625 0.0328125
1 0.75546875 0.103125 0.015625 0.0203125
0 0.4 0.4234375 0.13125 0.1359375
0 0.63828125 0.240625 0.0375 0.10625
0 0.778125 0.23828125 0.034375 0.090625
0 0.6828125 0.2078125 0.0359375 0.103125
0 0.74296875 0.1984375 0.034375 0.084375
0 0.70546875 0.10234375 0.028125 0.065625
0 0.95 0.175 0.071875 0.08125
2 0.403125 0.3953125 0.1375 0.1921875
2 0.63984375 0.2078125 0.0609375 0.1765625
2 0.6828125 0.18125 0.0453125 0.15
2 0.74375 0.16640625 0.0515625 0.159375
2 0.7828125 0.2125 0.0484375 0.1375
2 0.7078125 0.07578125 0.0484375 0.1125
2 0.95 0.159375 0.0828125 0.1234375