1 0.62578125 0.54296875 0.01328125 0.025
1 0.625 0.53125 0.0265625 0.04609375
1 0.62421875 0.4734375 0.0203125 0.040625
1 0.65078125 0.675 0.04765625 0.10859375
1 0.5359375 0.69765625 0.04765625 0.14375
0 0.62578125 0.5765625 0.03515625 0.08984375
0 0.6046875 0.31015625 0.01484375 0.03515625
0 0.6140625 0.27890625 0.01015625 0.03203125
0 0.60078125 0.26015625 0.00859375 0.02421875
1 0.6046875 0.28828125 0.009375 0.02421875
1 0.61328125 0.2546875 0.01171875 0.02109375
1 0.60078125 0.24375 0.01171875 0.01953125
2 0.625 0.56171875 0.03828125 0.11953125
2 0.60078125 0.25390625 0.0109375 0.040625
2 0.61328125 0.2671875 0.01328125 0.05390625
2 0.6046875 0.29921875 0.01328125 0.0546875