0 0.8015625 0.82265625 0.15859375 0.11953125
1 0.82734375 0.7640625 0.05625 0.1578125
0 0.26484375 0.51015625 0.0578125 0.15859375
1 0.2765625 0.41875 0.05546875 0.10703125
1 0.6234375 0.1890625 0.0390625 0.08046875
1 0.56796875 0.184375 0.0390625 0.0859375
1 0.5875 0.08125 0.028125 0.0609375
1 0.5875 0.05859375 0.0328125 0.0453125
1 0.7546875 0.07578125 0.03046875 0.05625
1 0.4078125 0.11875 0.03828125 0.06640625
1 0.425 0.05703125 0.028125 0.06484375
0 0.39609375 0.20078125 0.03671875 0.115625
0 0.41796875 0.103125 0.02734375 0.06640625
0 0.58515625 0.12421875 0.03203125 0.05546875
0 0.56484375 0.2546875 0.0328125 0.11015625
0 0.6234375 0.2578125 0.03828125 0.11171875
0 0.746875 0.13828125 0.0359375 0.0921875
2 0.26796875 0.47421875 0.103125 0.24296875
2 0.40078125 0.17578125 0.0453125 0.17109375
2 0.425 0.06875 0.03984375 0.09375
2 0.5875 0.10078125 0.0328125 0.13828125
2 0.56328125 0.22734375 0.053125 0.17265625
2 0.6171875 0.23125 0.0484375 0.1734375
2 0.74765625 0.11328125 0.04375 0.14140625
2 0.80390625 0.784375 0.15625 0.20703125