0 0.35078125 0.4171875 0.1328125 0.1015625
0 0.41171875 0.315625 0.1140625 0.09375
0 0.60703125 0.3453125 0.10546875 0.10078125
0 0.7703125 0.31953125 0.09375 0.07265625
0 0.7421875 0.1078125 0.03203125 0.0859375
0 0.60078125 0.0703125 0.0359375 0.0796875
0 0.55703125 0.0625 0.03046875 0.075
1 0.3421875 0.3546875 0.04453125 0.11796875
1 0.37421875 0.259375 0.02421875 0.09375
1 0.40390625 0.253125 0.03984375 0.090625
1 0.609375 0.271875 0.046875 0.0953125
1 0.746875 0.25546875 0.03828125 0.08125
1 0.7765625 0.25078125 0.02890625 0.08515625
1 0.74453125 0.05078125 0.03359375 0.05703125
1 0.59375 0.02421875 0.0296875 0.046875
1 0.5578125 0.0203125 0.03359375 0.03984375
2 0.55625 0.05 0.0359375 0.0984375
2 0.59609375 0.05390625 0.03984375 0.10703125
2 0.740625 0.08515625 0.0375 0.13125
2 0.76796875 0.28359375 0.0890625 0.14453125
2 0.60546875 0.3078125 0.10390625 0.16484375
2 0.41015625 0.28203125 0.10390625 0.15390625
2 0.35390625 0.38203125 0.12265625 0.16875