1 0.44375 0.6890625 0.046875 0.0875
1 0.45625 0.66015625 0.0203125 0.059375
0 0.43828125 0.78984375 0.046875 0.1453125
0 0.38828125 0.48046875 0.01875 0.05625
1 0.38984375 0.4453125 0.01875 0.034375
1 0.39453125 0.41484375 0.0125 0.03125
1 0.4 0.4078125 0.00625 0.015625
1 0.390625 0.39140625 0.0125 0.028125
0 0.39765625 0.43984375 0.015625 0.0375
1 0.81171875 0.53125 0.028125 0.090625
0 0.81015625 0.55390625 0.025 0.0609375
2 0.8125 0.52890625 0.028125 0.09375
2 0.4328125 0.7453125 0.09375 0.240625
2 0.3875 0.465625 0.0171875 0.08125
2 0.39765625 0.4296875 0.015625 0.059375