0 0.63203125 0.2234375 0.046875 0.1015625
1 0.65234375 0.16328125 0.040625 0.071875
1 0.665625 0.13671875 0.0296875 0.0546875
0 0.71328125 0.36328125 0.1046875 0.1046875
1 0.72421875 0.30859375 0.059375 0.1125
1 0.79375 0.37890625 0.0484375 0.096875
1 0.8234375 0.39296875 0.053125 0.1234375
1 0.92265625 0.33984375 0.0609375 0.0921875
0 0.90703125 0.40390625 0.1 0.096875
0 0.80390625 0.45703125 0.1171875 0.1015625
2 0.64140625 0.190625 0.0875 0.1859375
2 0.71640625 0.328125 0.1125 0.1625
2 0.81171875 0.4203125 0.128125 0.1859375
2 0.91328125 0.36953125 0.10625 0.1546875