1 0.521875 0.5515625 0.0375 0.0671875
1 0.5265625 0.51640625 0.0265625 0.0421875
0 0.51796875 0.6 0.0484375 0.0984375
0 0.4734375 0.4875 0.028125 0.059375
0 0.35859375 0.45234375 0.025 0.05625
1 0.47890625 0.44921875 0.025 0.0453125
1 0.475 0.43984375 0.0171875 0.0296875
1 0.36484375 0.4140625 0.025 0.0453125
0 0.83515625 0.58828125 0.0296875 0.0578125
1 0.84140625 0.54140625 0.028125 0.04375
2 0.840625 0.5671875 0.04375 0.09375
2 0.525 0.56484375 0.06875 0.15625
2 0.4765625 0.46875 0.0421875 0.115625
2 0.3625 0.43359375 0.0390625 0.0953125