0 0.2125 0.5828125 0.0640625 0.1640625
1 0.2390625 0.4859375 0.06171875 0.1296875
1 0.26328125 0.4765625 0.028125 0.10859375
1 0.43046875 0.3921875 0.0578125 0.12578125
1 0.66015625 0.29140625 0.03828125 0.1078125
1 0.4578125 0.18984375 0.03984375 0.0703125
1 0.20625 0.11484375 0.034375 0.078125
1 0.225 0.10703125 0.03125 0.07890625
1 0.52421875 0.0203125 0.0296875 0.03984375
0 0.36015625 0.85078125 0.0703125 0.19453125
0 0.41640625 0.4765625 0.06328125 0.1296875
0 0.65 0.378125 0.03984375 0.115625
0 0.453125 0.259375 0.05078125 0.13515625
0 0.22734375 0.17734375 0.065625 0.08359375
0 0.52109375 0.06953125 0.0359375 0.0890625
2 0.22265625 0.1375 0.07734375 0.1484375
2 0.24296875 0.5375 0.1 0.2515625
2 0.38359375 0.7984375 0.109375 0.284375
1 0.390625 0.75546875 0.06171875 0.2234375
2 0.42578125 0.4421875 0.078125 0.23203125
2 0.6578125 0.3375 0.05 0.2078125
2 0.45703125 0.2359375 0.0578125 0.1671875
2 0.51875 0.05546875 0.0453125 0.1109375