0 0.93359375 0.51796875 0.1328125 0.1546875
0 0.615625 0.48984375 0.1390625 0.1171875
0 0.23046875 0.3703125 0.0921875 0.0875
0 0.2796875 0.3 0.08125 0.0734375
0 0.49296875 0.31640625 0.096875 0.046875
0 0.5015625 0.415625 0.10625 0.0671875
1 0.503125 0.359375 0.05625 0.1234375
1 0.953125 0.47578125 0.0625 0.1265625
1 0.6484375 0.41796875 0.0359375 0.121875
1 0.61484375 0.41640625 0.0453125 0.1234375
1 0.49921875 0.25625 0.04375 0.103125
1 0.27890625 0.23046875 0.0484375 0.0796875
1 0.2265625 0.3 0.040625 0.09375
1 0.05859375 0.73671875 0.06875 0.134375
0 0.09453125 0.8125 0.1390625 0.1625
0 0.040625 0.3046875 0.0796875 0.075
1 0.03359375 0.2359375 0.04375 0.0703125
2 0.9296875 0.50703125 0.140625 0.1953125
2 0.615625 0.45234375 0.1390625 0.2078125
2 0.490625 0.2859375 0.1078125 0.1734375
2 0.50078125 0.38515625 0.1109375 0.165625
2 0.28203125 0.26484375 0.09375 0.1578125
2 0.2328125 0.32890625 0.090625 0.153125
2 0.04140625 0.26796875 0.0828125 0.15
2 0.09375 0.77578125 0.15625 0.2375