0 0.1578125 0.56015625 0.14375 0.11171875
1 0.08359375 0.4796875 0.040625 0.1125
1 0.10625 0.47109375 0.028125 0.08515625
1 0.1359375 0.47578125 0.05546875 0.1234375
1 0.159375 0.38515625 0.046875 0.10546875
0 0.2140625 0.44609375 0.0640625 0.12578125
0 0.1953125 0.19765625 0.06484375 0.078125
1 0.1703125 0.1421875 0.03046875 0.0734375
1 0.190625 0.12734375 0.03671875 0.07734375
2 0.19140625 0.16328125 0.07890625 0.15859375
2 0.1421875 0.509375 0.16640625 0.1875
2 0.1859375 0.41484375 0.11875 0.16328125