0 0.18125 0.465625 0.1671875 0.140625
1 0.14765625 0.38984375 0.0609375 0.11875
1 0.1796875 0.3921875 0.0703125 0.1296875
1 0.09453125 0.28515625 0.0703125 0.109375
1 0.3703125 0.3125 0.0671875 0.115625
1 0.734375 0.25625 0.0546875 0.0921875
1 0.64765625 0.1640625 0.040625 0.075
1 0.66328125 0.12734375 0.03125 0.05625
1 0.87421875 0.2796875 0.0484375 0.1
1 0.96015625 0.3078125 0.0609375 0.1
0 0.63203125 0.21875 0.046875 0.10625
0 0.725 0.31328125 0.115625 0.1015625
0 0.8640625 0.3453125 0.1015625 0.1046875
0 0.953125 0.37265625 0.0859375 0.0859375
0 0.36953125 0.378125 0.1265625 0.103125
0 0.08671875 0.34765625 0.1140625 0.1078125
2 0.103125 0.3140625 0.13125 0.18125
2 0.1890625 0.42578125 0.159375 0.203125
2 0.36953125 0.3453125 0.1390625 0.1875
2 0.64296875 0.1796875 0.0765625 0.1859375
2 0.72109375 0.2828125 0.11875 0.15625
2 0.86953125 0.31015625 0.0984375 0.159375
2 0.95390625 0.3390625 0.0921875 0.1625