0 0.065625 0.53359375 0.13125 0.15078125
0 0.384375 0.49375 0.1359375 0.11328125
0 0.76484375 0.3609375 0.0890625 0.084375
0 0.71328125 0.2921875 0.07890625 0.0703125
0 0.50078125 0.31640625 0.09609375 0.04375
0 0.4953125 0.415625 0.10390625 0.0640625
1 0.4921875 0.359375 0.05234375 0.121875
1 0.04609375 0.49140625 0.05859375 0.125
1 0.3484375 0.4234375 0.03203125 0.12109375
1 0.38203125 0.4203125 0.04140625 0.121875
1 0.4921875 0.25625 0.040625 0.1015625
1 0.71171875 0.22265625 0.0453125 0.078125
1 0.76640625 0.290625 0.0375 0.09296875
1 0.94921875 0.72109375 0.06484375 0.13203125
0 0.91640625 0.7984375 0.134375 0.1578125
0 0.95234375 0.2890625 0.0765625 0.071875
1 0.95703125 0.21953125 0.04140625 0.06953125
2 0.06953125 0.52265625 0.1359375 0.19140625
2 0.3828125 0.45625 0.13203125 0.203125
2 0.5015625 0.2859375 0.10234375 0.1703125
2 0.4953125 0.38515625 0.10546875 0.1625
2 0.709375 0.25703125 0.0890625 0.15546875
2 0.7609375 0.31953125 0.0859375 0.15078125
2 0.95 0.25234375 0.078125 0.14765625
2 0.915625 0.76171875 0.14765625 0.2328125