1 0.43125 0.36171875 0.03515625 0.06328125
1 0.434375 0.34375 0.05390625 0.10546875
1 0.49375 0.225 0.0265625 0.0296875
1 0.49453125 0.20625 0.0421875 0.07421875
0 0.49296875 0.296875 0.0359375 0.1078125
0 0.41953125 0.43203125 0.0765625 0.1328125
0 0.534375 0.44140625 0.0609375 0.13515625
0 0.58984375 0.22578125 0.04140625 0.1046875
0 0.6328125 0.35625 0.05390625 0.11875
0 0.7421875 0.30546875 0.0328125 0.1140625
0 0.92734375 0.34296875 0.06953125 0.0953125
1 0.53828125 0.3484375 0.05 0.11328125
1 0.6015625 0.15546875 0.03671875 0.07578125
1 0.63515625 0.27265625 0.0421875 0.08359375
1 0.740625 0.22109375 0.04375 0.07265625
1 0.93203125 0.271875 0.05078125 0.10234375
2 0.42578125 0.38984375 0.0734375 0.21015625
2 0.53515625 0.40234375 0.06015625 0.2171875
2 0.49140625 0.2625 0.0421875 0.18828125
2 0.59296875 0.2 0.05 0.15703125
2 0.7375 0.2734375 0.0546875 0.1828125
2 0.63203125 0.3203125 0.05546875 0.184375
2 0.928125 0.309375 0.08203125 0.17265625