0 0.65078125 0.41953125 0.134375 0.103125
0 0.59140625 0.3171875 0.115625 0.0953125
0 0.3953125 0.34375 0.1078125 0.103125
0 0.2328125 0.31484375 0.0953125 0.075
0 0.26484375 0.10390625 0.0328125 0.0859375
0 0.40703125 0.06875 0.0375 0.0796875
0 0.45078125 0.06171875 0.03125 0.075
1 0.66015625 0.3578125 0.046875 0.11875
1 0.6296875 0.26171875 0.0265625 0.09375
1 0.6 0.2546875 0.0421875 0.090625
1 0.39453125 0.2703125 0.0484375 0.096875
1 0.2578125 0.2515625 0.0390625 0.08125
1 0.228125 0.24609375 0.0296875 0.0859375
1 0.26328125 0.046875 0.034375 0.0578125
1 0.4140625 0.02265625 0.03125 0.0453125
1 0.45 0.01953125 0.034375 0.0390625
2 0.4515625 0.04921875 0.0375 0.0984375
2 0.41171875 0.053125 0.0421875 0.10625
2 0.26640625 0.08125 0.0390625 0.13125
2 0.2359375 0.27890625 0.0921875 0.1453125
2 0.39765625 0.30625 0.10625 0.1671875
2 0.59375 0.28359375 0.10625 0.15625
2 0.6484375 0.384375 0.125 0.1703125