0 0.91484375 0.4578125 0.128125 0.1359375
1 0.9265625 0.3765625 0.0671875 0.1265625
1 0.409375 0.6421875 0.0640625 0.14375
0 0.42578125 0.7578125 0.084375 0.190625
0 0.34296875 0.5453125 0.0578125 0.1359375
0 0.421875 0.48671875 0.0671875 0.1421875
0 0.503125 0.36484375 0.053125 0.125
0 0.3609375 0.365625 0.0359375 0.1109375
0 0.409375 0.29609375 0.0375 0.096875
0 0.21015625 0.36484375 0.1375 0.125
0 0.0921875 0.50078125 0.1203125 0.134375
0 0.03203125 0.3875 0.05 0.09375
0 0.46875 0.12265625 0.03125 0.0875
1 0.5 0.2859375 0.0484375 0.0984375
1 0.46640625 0.06015625 0.034375 0.0609375
1 0.40859375 0.21328125 0.0421875 0.0796875
1 0.41796875 0.38359375 0.053125 0.103125
1 0.34609375 0.446875 0.0578125 0.0921875
1 0.353125 0.29140625 0.0390625 0.0796875
1 0.353125 0.25703125 0.0171875 0.034375
1 0.19765625 0.296875 0.0484375 0.1
1 0.08828125 0.41796875 0.0515625 0.096875
1 0.0453125 0.44375 0.0421875 0.10625
2 0.9125 0.41796875 0.125 0.215625
2 0.46640625 0.09765625 0.0484375 0.1421875
2 0.5 0.33359375 0.059375 0.2046875
2 0.40859375 0.25703125 0.05 0.16875
2 0.41640625 0.4421875 0.06875 0.2125
2 0.41875 0.70859375 0.1109375 0.278125
2 0.3484375 0.5125 0.065625 0.2234375
2 0.36015625 0.3375 0.05625 0.203125
2 0.20703125 0.33984375 0.1203125 0.184375
2 0.090625 0.46640625 0.1375 0.2