0 0.825 0.44296875 0.1140625 0.1125
0 0.7953125 0.34609375 0.10625 0.103125
0 0.64296875 0.35390625 0.11875 0.1
0 0.58125 0.2984375 0.0640625 0.075
0 0.32578125 0.43515625 0.128125 0.0921875
0 0.29765625 0.55078125 0.1453125 0.11875
0 0.321875 0.36953125 0.121875 0.0828125
0 0.1421875 0.3625 0.1453125 0.090625
0 0.065625 0.46484375 0.13125 0.1109375
1 0.02734375 0.40625 0.0546875 0.1375
1 0.12265625 0.303125 0.065625 0.1046875
1 0.30234375 0.30546875 0.046875 0.075
1 0.3078125 0.38125 0.0421875 0.0921875
1 0.2375 0.490625 0.05 0.1109375
1 0.25078125 0.4875 0.0234375 0.0546875
1 0.26875 0.4953125 0.0234375 0.0609375
1 0.290625 0.48515625 0.0421875 0.103125
1 0.59921875 0.234375 0.053125 0.0984375
1 0.6359375 0.2828125 0.0578125 0.09375
1 0.75546875 0.30390625 0.0515625 0.103125
1 0.78671875 0.28359375 0.0453125 0.09375
1 0.81953125 0.36015625 0.075 0.1140625
2 0.1375 0.3265625 0.134375 0.1671875
2 0.06171875 0.4265625 0.1234375 0.19375
2 0.29375 0.515625 0.159375 0.19375
2 0.3140625 0.334375 0.125 0.146875
2 0.32265625 0.409375 0.128125 0.140625
2 0.5921875 0.26171875 0.096875 0.1515625
2 0.6375 0.321875 0.11875 0.1703125
2 0.8203125 0.39765625 0.11875 0.190625
2 0.77734375 0.3234375 0.090625 0.165625