1 0.78828125 0.58671875 0.075 0.146875
1 0.7484375 0.55234375 0.075 0.159375
1 0.21640625 0.24453125 0.05625 0.0859375
1 0.26484375 0.1296875 0.0421875 0.071875
1 0.11796875 0.096875 0.034375 0.0609375
0 0.15390625 0.09921875 0.04375 0.0578125
0 0.13125 0.15078125 0.0640625 0.0828125
0 0.27578125 0.18203125 0.0640625 0.096875
0 0.2328125 0.2953125 0.1046875 0.1203125
0 0.81953125 0.7046875 0.1625 0.2
2 0.80703125 0.62734375 0.20625 0.340625
2 0.271875 0.1609375 0.0703125 0.1390625
2 0.23046875 0.278125 0.10625 0.1578125
2 0.128125 0.12734375 0.071875 0.128125