0 0.34609375 0.4640625 0.13203125 0.10859375
0 0.8 0.43984375 0.09765625 0.1125
0 0.903125 0.3578125 0.053125 0.084375
0 0.82890625 0.3296875 0.07734375 0.065625
0 0.73046875 0.225 0.07109375 0.0875
0 0.68671875 0.16015625 0.06875 0.04609375
0 0.25859375 0.33828125 0.1171875 0.08671875
0 0.1390625 0.43359375 0.14765625 0.10703125
0 0.0328125 0.50546875 0.065625 0.1171875
1 0.0828125 0.35703125 0.0359375 0.10625
1 0.1109375 0.359375 0.04609375 0.11015625
1 0.24921875 0.2671875 0.05546875 0.1046875
1 0.34140625 0.378125 0.05 0.1
1 0.703125 0.109375 0.02890625 0.0703125
1 0.7375 0.1640625 0.03046875 0.0796875
1 0.7703125 0.16640625 0.0203125 0.06953125
1 0.82578125 0.26875 0.03515625 0.06953125
1 0.91953125 0.28203125 0.03984375 0.08125
1 0.80390625 0.378125 0.0375 0.09140625
2 0.25234375 0.29921875 0.109375 0.15390625
2 0.13125 0.39453125 0.1515625 0.18515625
2 0.35 0.42578125 0.125 0.190625
2 0.79921875 0.415625 0.1 0.16953125
2 0.69140625 0.12734375 0.07890625 0.11015625
2 0.73515625 0.19921875 0.0890625 0.134375
2 0.82890625 0.29453125 0.0625 0.121875
2 0.9125 0.31875 0.08125 0.1625