0 0.1421875 0.2515625 0.1046875 0.10625
0 0.20546875 0.17890625 0.071875 0.09140625
0 0.33671875 0.43046875 0.12734375 0.0921875
0 0.31484375 0.33203125 0.10546875 0.0703125
0 0.49453125 0.34765625 0.10234375 0.1
0 0.63984375 0.3234375 0.0875 0.1125
0 0.7171875 0.378125 0.09296875 0.084375
0 0.76171875 0.56953125 0.11640625 0.13984375
0 0.61796875 0.10703125 0.03984375 0.08046875
0 0.65390625 0.07421875 0.0328125 0.0859375
0 0.553125 0.071875 0.02890625 0.0921875
0 0.53671875 0.02578125 0.02265625 0.0515625
1 0.12265625 0.19609375 0.05234375 0.07734375
1 0.1921875 0.1203125 0.028125 0.05390625
1 0.17421875 0.1359375 0.02734375 0.0640625
1 0.321875 0.3640625 0.0453125 0.09765625
1 0.30625 0.284375 0.03671875 0.0875
1 0.49375 0.28203125 0.03515625 0.08984375
1 0.646875 0.27109375 0.03984375 0.0890625
1 0.69453125 0.3296875 0.0296875 0.0828125
1 0.71796875 0.3203125 0.0296875 0.0828125
1 0.7671875 0.4984375 0.053125 0.10703125
1 0.6203125 0.05390625 0.03046875 0.0640625
1 0.66328125 0.02109375 0.0328125 0.0421875
1 0.55546875 0.01953125 0.0234375 0.0390625
2 0.13671875 0.2359375 0.1078125 0.16640625
2 0.1984375 0.15703125 0.08359375 0.128125
2 0.49453125 0.31484375 0.10703125 0.1640625
2 0.33046875 0.39453125 0.13359375 0.1625
2 0.31640625 0.31796875 0.11640625 0.15703125
2 0.7625 0.5421875 0.11640625 0.19765625
2 0.6375 0.30078125 0.090625 0.1515625
2 0.71015625 0.3609375 0.1015625 0.15859375
2 0.6140625 0.0890625 0.03984375 0.13203125
2 0.65546875 0.059375 0.0328125 0.11875
2 0.553125 0.05859375 0.034375 0.1171875