0 0.69375 0.9171875 0.0578125 0.1609375
0 0.2484375 0.37265625 0.1109375 0.0875
0 0.0609375 0.4921875 0.121875 0.128125
0 0.10625 0.11640625 0.071875 0.04375
1 0.6578125 0.790625 0.0703125 0.1421875
1 0.61328125 0.77734375 0.0640625 0.1984375
1 0.24296875 0.33515625 0.0515625 0.125
1 0.20546875 0.31875 0.0421875 0.0859375
1 0.0359375 0.4359375 0.05 0.1
1 0.10078125 0.09609375 0.03125 0.06875
2 0.6578125 0.83359375 0.1484375 0.33125
2 0.2453125 0.3484375 0.128125 0.16875
2 0.0625 0.4640625 0.125 0.178125