0 0.64453125 0.646875 0.0375 0.11328125
0 0.5625 0.6046875 0.0421875 0.11015625
0 0.6109375 0.48359375 0.02109375 0.06640625
0 0.59296875 0.3484375 0.01328125 0.0421875
1 0.56328125 0.5515625 0.034375 0.059375
1 0.565625 0.52890625 0.02421875 0.04375
1 0.6125 0.44453125 0.021875 0.03828125
1 0.6171875 0.43359375 0.0109375 0.02734375
1 0.6421875 0.578125 0.03671875 0.07734375
1 0.59296875 0.32109375 0.01328125 0.02734375
2 0.5625 0.58046875 0.04453125 0.1640625
2 0.6453125 0.62421875 0.0515625 0.16328125
2 0.59296875 0.33515625 0.0234375 0.07109375
2 0.6109375 0.4671875 0.0328125 0.10234375