0 0.64453125 0.409375 0.1375 0.1078125
0 0.578125 0.3109375 0.11875 0.1
0 0.38515625 0.35078125 0.1109375 0.10625
0 0.2203125 0.33359375 0.096875 0.078125
0 0.2375 0.12109375 0.0359375 0.0875
0 0.3765625 0.0765625 0.040625 0.08125
0 0.4203125 0.06640625 0.034375 0.0765625
1 0.65 0.346875 0.05 0.1203125
1 0.61328125 0.253125 0.0296875 0.0953125
1 0.5828125 0.2484375 0.0453125 0.0921875
1 0.37890625 0.278125 0.0515625 0.096875
1 0.240625 0.26875 0.0421875 0.0828125
1 0.2109375 0.265625 0.0328125 0.0859375
1 0.23203125 0.0640625 0.0359375 0.059375
1 0.38125 0.0296875 0.0328125 0.0484375
1 0.4171875 0.02421875 0.0359375 0.0421875
2 0.4203125 0.05390625 0.040625 0.1
2 0.38046875 0.059375 0.0453125 0.109375
2 0.23828125 0.0984375 0.04375 0.1328125
2 0.22109375 0.29765625 0.096875 0.1484375
2 0.384375 0.31328125 0.1125 0.1703125
2 0.578125 0.27734375 0.1125 0.159375
2 0.63984375 0.37421875 0.13125 0.175