0 0.80078125 0.17578125 0.0875 0.0859375
1 0.796875 0.11171875 0.05 0.09375
1 0.42265625 0.22109375 0.0484375 0.0875
1 0.2890625 0.159375 0.0421875 0.0734375
1 0.25078125 0.34921875 0.0546875 0.115625
1 0.1515625 0.409375 0.065625 0.1140625
0 0.434375 0.2796875 0.103125 0.140625
0 0.2984375 0.228125 0.0453125 0.1125
0 0.26171875 0.39921875 0.10625 0.109375
0 0.16328125 0.4890625 0.10625 0.1078125
2 0.79375 0.1390625 0.09375 0.15625
2 0.43515625 0.2546875 0.103125 0.1703125
2 0.29453125 0.2015625 0.0578125 0.165625
2 0.265625 0.37578125 0.1171875 0.175
2 0.16328125 0.44609375 0.109375 0.1921875