0 0.6484375 0.4453125 0.14375 0.1234375
0 0.19453125 0.4765625 0.1109375 0.1234375
0 0.0828125 0.4078125 0.0625 0.090625
0 0.153125 0.37109375 0.084375 0.075
0 0.2375 0.25546875 0.08125 0.0953125
0 0.2734375 0.18515625 0.0734375 0.0546875
0 0.71953125 0.31015625 0.1265625 0.1
0 0.85 0.38984375 0.159375 0.125
0 0.96171875 0.4484375 0.0765625 0.125
1 0.896875 0.30703125 0.0484375 0.109375
1 0.86875 0.31328125 0.059375 0.115625
1 0.7203125 0.23828125 0.0671875 0.1109375
1 0.6421875 0.359375 0.0625 0.1046875
1 0.25078125 0.13671875 0.0375 0.0734375
1 0.2234375 0.1953125 0.040625 0.0828125
1 0.19140625 0.2015625 0.028125 0.071875
1 0.1484375 0.31015625 0.04375 0.0734375
1 0.05703125 0.33515625 0.05 0.0859375
1 0.18359375 0.41640625 0.0484375 0.0953125
2 0.72109375 0.2703125 0.1265625 0.165625
2 0.853125 0.35 0.1734375 0.2015625
2 0.63984375 0.4078125 0.146875 0.2046875
2 0.19296875 0.45234375 0.1203125 0.1796875
2 0.26484375 0.153125 0.0921875 0.11875
2 0.2296875 0.23046875 0.1046875 0.14375
2 0.1484375 0.3359375 0.0765625 0.128125
2 0.06875 0.3703125 0.1 0.171875