0 0.9 0.40703125 0.15 0.1046875
0 0.8609375 0.52578125 0.159375 0.121875
0 0.63203125 0.47265625 0.1421875 0.1265625
0 0.4796875 0.42421875 0.128125 0.1046875
0 0.4703125 0.3015625 0.109375 0.0921875
1 0.4734375 0.240625 0.059375 0.1078125
1 0.47265625 0.36328125 0.05625 0.1125
1 0.6375 0.409375 0.05625 0.1140625
1 0.86484375 0.45390625 0.0703125 0.1328125
1 0.91171875 0.33984375 0.0640625 0.128125
1 0.3203125 0.2984375 0.040625 0.0859375
1 0.2859375 0.28671875 0.0421875 0.0953125
0 0.2984375 0.36484375 0.1 0.103125
1 0.16953125 0.3953125 0.046875 0.096875
0 0.17578125 0.4609375 0.1 0.103125
0 0.1984375 0.38515625 0.034375 0.0671875
1 0.16484375 0.32265625 0.05 0.0828125
1 0.134375 0.24453125 0.0453125 0.0875
0 0.140625 0.29765625 0.071875 0.0734375
0 0.05234375 0.5109375 0.1046875 0.103125
1 0.03984375 0.45390625 0.0625 0.1265625
0 0.38984375 0.04765625 0.034375 0.065625
2 0.890625 0.36796875 0.1609375 0.19375
2 0.8578125 0.484375 0.1609375 0.1984375
2 0.61953125 0.44375 0.1484375 0.1796875
2 0.47421875 0.3859375 0.1234375 0.1765625
2 0.46484375 0.2640625 0.1171875 0.153125
2 0.29453125 0.32890625 0.103125 0.16875
2 0.13671875 0.26875 0.084375 0.13125
2 0.0546875 0.47265625 0.109375 0.1734375
2 0.1734375 0.428125 0.1 0.159375
2 0.1703125 0.3375 0.0921875 0.1203125