1 0.35703125 0.7640625 0.0390625 0.05
1 0.35625 0.74140625 0.0640625 0.1046875
1 0.34921875 0.69375 0.0359375 0.0515625
0 0.35703125 0.83984375 0.0703125 0.184375
0 0.584375 0.80546875 0.0890625 0.175
1 0.58515625 0.71875 0.05625 0.140625
1 0.396875 0.47109375 0.021875 0.04375
1 0.42421875 0.4234375 0.015625 0.0421875
1 0.44140625 0.415625 0.015625 0.034375
0 0.44453125 0.4453125 0.01875 0.046875
0 0.4265625 0.46328125 0.015625 0.0546875
0 0.39921875 0.51796875 0.0203125 0.0765625
0 0.3578125 0.3234375 0.0109375 0.0328125
1 0.35703125 0.2984375 0.0140625 0.025
2 0.584375 0.778125 0.0796875 0.2484375
2 0.35625 0.8015625 0.0859375 0.2921875
2 0.4 0.49765625 0.0296875 0.115625
2 0.44453125 0.4265625 0.021875 0.0734375
2 0.42421875 0.44375 0.0203125 0.090625
2 0.3578125 0.31328125 0.0171875 0.0546875