0 0.8296875 0.4828125 0.10234375 0.1
0 0.81171875 0.38359375 0.09609375 0.09140625
0 0.659375 0.37265625 0.10859375 0.0875
0 0.60546875 0.31015625 0.05625 0.06875
0 0.33515625 0.4140625 0.11875 0.07890625
0 0.29296875 0.52578125 0.134375 0.103125
0 0.3390625 0.3484375 0.11484375 0.06875
0 0.16171875 0.3203125 0.1375 0.075
0 0.0671875 0.4125 0.134375 0.09453125
1 0.0328125 0.34921875 0.05859375 0.13125
1 0.14921875 0.25859375 0.05390625 0.09921875
1 0.32734375 0.2828125 0.03828125 0.0703125
1 0.3234375 0.35859375 0.03203125 0.0890625
1 0.240625 0.45859375 0.03671875 0.10703125
1 0.25390625 0.45703125 0.01796875 0.05234375
1 0.27109375 0.4671875 0.015625 0.06015625
1 0.29375 0.459375 0.03046875 0.10078125
1 0.63046875 0.2484375 0.0421875 0.09375
1 0.66171875 0.30078125 0.04765625 0.08828125
1 0.77734375 0.33671875 0.040625 0.0984375
1 0.8109375 0.3203125 0.034375 0.08984375
1 0.834375 0.4 0.0625 0.1078125
2 0.16171875 0.28359375 0.11640625 0.1546875
2 0.06328125 0.37265625 0.1265625 0.1796875
2 0.29296875 0.490625 0.1390625 0.17890625
2 0.3359375 0.31328125 0.109375 0.13515625
2 0.33515625 0.38828125 0.1140625 0.12734375
2 0.6203125 0.275 0.08046875 0.14296875
2 0.6578125 0.33984375 0.1 0.159375
2 0.83046875 0.4375 0.09765625 0.1796875
2 0.796875 0.35859375 0.071875 0.1578125