1 0.165625 0.91953125 0.115625 0.1609375
1 0.44765625 0.878125 0.1046875 0.24375
1 0.65625 0.6671875 0.0265625 0.0390625
1 0.65703125 0.6484375 0.0484375 0.075
1 0.659375 0.6140625 0.0265625 0.04375
1 0.5578125 0.5984375 0.040625 0.0671875
1 0.60625 0.4078125 0.0171875 0.03125
1 0.59375 0.3625 0.0140625 0.0359375
1 0.5828125 0.3453125 0.0109375 0.0234375
1 0.6234375 0.25625 0.009375 0.021875
0 0.6265625 0.2765625 0.0109375 0.03125
0 0.6078125 0.440625 0.015625 0.0515625
0 0.59296875 0.39453125 0.0125 0.0421875
0 0.58203125 0.371875 0.0109375 0.0421875
0 0.6609375 0.7296875 0.0578125 0.1609375
0 0.56015625 0.6640625 0.0453125 0.125
0 0.27421875 0.415625 0.0171875 0.0359375
1 0.271875 0.3890625 0.0171875 0.028125
2 0.2734375 0.40390625 0.0234375 0.0703125
2 0.56015625 0.6375 0.0515625 0.171875
2 0.6625 0.6953125 0.0671875 0.2265625
2 0.6078125 0.42734375 0.0203125 0.0796875
2 0.58125 0.36015625 0.0140625 0.059375
2 0.5953125 0.37578125 0.0171875 0.065625
2 0.625 0.26640625 0.0171875 0.046875