0 0.61796875 0.0546875 0.034375 0.075
0 0.6734375 0.34140625 0.103125 0.0875
0 0.90078125 0.37109375 0.0859375 0.0859375
0 0.96171875 0.29921875 0.075 0.078125
0 0.7359375 0.2734375 0.0390625 0.0953125
1 0.6765625 0.27578125 0.046875 0.0984375
1 0.71015625 0.22421875 0.0421875 0.09375
1 0.9140625 0.30390625 0.0375 0.103125
1 0.96796875 0.24453125 0.04375 0.09375
1 0.61875 0.02109375 0.03125 0.0375
0 0.77734375 0.0375 0.0203125 0.0609375
2 0.61640625 0.04765625 0.0484375 0.090625
2 0.66953125 0.3 0.103125 0.165625
2 0.71640625 0.24296875 0.071875 0.1328125
2 0.903125 0.33359375 0.09375 0.15625
2 0.96796875 0.2671875 0.0625 0.1453125