0 0.084375 0.471875 0.13125 0.1390625
1 0.06953125 0.3921875 0.071875 0.1296875
1 0.5953125 0.6390625 0.06875 0.1453125
0 0.58359375 0.75546875 0.090625 0.1921875
0 0.65859375 0.5390625 0.0625 0.1375
0 0.578125 0.48359375 0.071875 0.14375
0 0.4921875 0.36484375 0.0578125 0.1265625
0 0.634375 0.3609375 0.0390625 0.1109375
0 0.58359375 0.29296875 0.040625 0.0984375
0 0.78515625 0.3546875 0.1421875 0.1296875
0 0.90703125 0.4859375 0.1234375 0.1390625
0 0.9640625 0.371875 0.053125 0.0953125
0 0.51796875 0.121875 0.034375 0.0890625
1 0.4921875 0.2859375 0.0515625 0.1
1 0.51796875 0.059375 0.0375 0.0609375
1 0.58125 0.2109375 0.0453125 0.0796875
1 0.578125 0.38125 0.05625 0.103125
1 0.6515625 0.44140625 0.0609375 0.09375
1 0.63984375 0.2859375 0.040625 0.0796875
1 0.63828125 0.2515625 0.0171875 0.034375
1 0.7953125 0.28671875 0.0515625 0.1015625
1 0.90859375 0.40390625 0.0546875 0.0984375
1 0.95234375 0.428125 0.0453125 0.1078125
2 0.084375 0.43203125 0.1328125 0.21875
2 0.51953125 0.096875 0.053125 0.14375
2 0.49375 0.33359375 0.0671875 0.20625
2 0.5828125 0.2546875 0.0546875 0.16875
2 0.58203125 0.43984375 0.0765625 0.2140625
2 0.58828125 0.70546875 0.1203125 0.28125
2 0.65234375 0.50703125 0.0734375 0.225
2 0.634375 0.3328125 0.0640625 0.2046875
2 0.78671875 0.3296875 0.1265625 0.1875
2 0.90859375 0.45234375 0.14375 0.2046875