0 0.93203125 0.49453125 0.1359375 0.1609375
0 0.61484375 0.48359375 0.1453125 0.125
0 0.22421875 0.384375 0.0953125 0.0921875
0 0.26953125 0.31171875 0.084375 0.0765625
0 0.48359375 0.3171875 0.1 0.0515625
0 0.49765625 0.415625 0.109375 0.0734375
1 0.4953125 0.359375 0.0625 0.1265625
1 0.9515625 0.4515625 0.06875 0.1296875
1 0.64453125 0.41015625 0.0421875 0.1234375
1 0.6109375 0.41015625 0.0515625 0.125
1 0.48671875 0.25625 0.05 0.1046875
1 0.26484375 0.2421875 0.0515625 0.08125
1 0.21640625 0.31484375 0.0453125 0.0953125
1 0.071875 0.759375 0.0765625 0.1375
0 0.1109375 0.83359375 0.146875 0.16875
0 0.0359375 0.328125 0.071875 0.078125
1 0.021875 0.26015625 0.04375 0.0734375
2 0.92734375 0.484375 0.1453125 0.203125
2 0.61328125 0.44609375 0.15 0.2140625
2 0.4796875 0.28671875 0.1171875 0.178125
2 0.49453125 0.38515625 0.11875 0.1703125
2 0.2703125 0.2765625 0.1015625 0.1625
2 0.22421875 0.34296875 0.0984375 0.1578125
2 0.0375 0.2921875 0.075 0.153125
2 0.10859375 0.796875 0.1671875 0.2453125