0 0.09375 0.4421875 0.14296875 0.09296875
0 0.14296875 0.55703125 0.15078125 0.10859375
0 0.36640625 0.484375 0.13203125 0.11484375
0 0.51328125 0.42265625 0.1203125 0.09453125
0 0.5125 0.3 0.103125 0.08359375
1 0.50390625 0.2390625 0.05 0.10390625
1 0.515625 0.36171875 0.04765625 0.109375
1 0.35546875 0.421875 0.046875 0.11015625
1 0.1328125 0.4859375 0.059375 0.12890625
1 0.07578125 0.3765625 0.053125 0.1234375
1 0.66171875 0.28359375 0.0328125 0.0828125
1 0.69453125 0.26875 0.03359375 0.0921875
0 0.6890625 0.34765625 0.0921875 0.09609375
1 0.8203125 0.3671875 0.0390625 0.09375
0 0.81953125 0.4328125 0.09140625 0.0953125
0 0.790625 0.359375 0.02890625 0.06484375
1 0.81875 0.29375 0.04375 0.07890625
1 0.8421875 0.21328125 0.03828125 0.084375
0 0.840625 0.2671875 0.065625 0.06796875
0 0.946875 0.471875 0.09765625 0.09453125
1 0.9546875 0.4140625 0.05234375 0.12265625
0 0.5703125 0.03984375 0.02890625 0.0640625
2 0.09921875 0.40234375 0.1453125 0.18125
2 0.1421875 0.515625 0.14453125 0.1859375
2 0.37578125 0.4546875 0.13359375 0.16796875
2 0.515625 0.384375 0.10859375 0.16796875
2 0.5140625 0.26171875 0.1046875 0.1453125
2 0.68984375 0.31171875 0.0890625 0.1609375
2 0.84140625 0.23828125 0.07421875 0.125
2 0.94296875 0.43359375 0.1 0.165625
2 0.81875 0.4 0.0875 0.1515625
2 0.8140625 0.309375 0.0828125 0.11328125