0 0.83828125 0.78359375 0.171875 0.1375
1 0.85703125 0.721875 0.075 0.1640625
0 0.26796875 0.5390625 0.0765625 0.1640625
1 0.26796875 0.446875 0.06875 0.1125
1 0.584375 0.1765625 0.0484375 0.084375
1 0.52890625 0.178125 0.05 0.090625
1 0.5359375 0.0734375 0.0359375 0.0640625
1 0.5328125 0.0515625 0.0375 0.0484375
1 0.70078125 0.04765625 0.0375 0.059375
1 0.36171875 0.1328125 0.0453125 0.0703125
1 0.371875 0.06953125 0.0359375 0.0671875
0 0.36015625 0.215625 0.05 0.11875
0 0.3703125 0.11640625 0.0359375 0.06875
0 0.5390625 0.11640625 0.0390625 0.059375
0 0.534375 0.2484375 0.0453125 0.1140625
0 0.59296875 0.24453125 0.0515625 0.115625
0 0.70078125 0.1109375 0.046875 0.0953125
2 0.26640625 0.50234375 0.13125 0.253125
2 0.36171875 0.190625 0.065625 0.175
2 0.37265625 0.08125 0.0515625 0.0984375
2 0.53828125 0.09296875 0.05 0.140625
2 0.5296875 0.221875 0.0734375 0.178125
2 0.58359375 0.21875 0.06875 0.178125
2 0.6984375 0.0859375 0.0609375 0.1453125
2 0.8359375 0.7453125 0.1796875 0.225