0 0.315625 0.4171875 0.128125 0.1171875
0 0.2375 0.2234375 0.0875 0.0875
0 0.46875 0.39140625 0.11875 0.1015625
0 0.5484375 0.31796875 0.096875 0.084375
0 0.69453125 0.32421875 0.115625 0.0890625
0 0.8359375 0.4203125 0.1328125 0.096875
0 0.0578125 0.2921875 0.0796875 0.078125
0 0.08828125 0.22578125 0.028125 0.0515625
1 0.83125 0.42265625 0.059375 0.0890625
1 0.85234375 0.36484375 0.0484375 0.0953125
1 0.7125 0.25859375 0.0515625 0.1
1 0.5625 0.25859375 0.053125 0.1
1 0.49296875 0.3140625 0.04375 0.096875
1 0.46796875 0.31953125 0.03125 0.065625
1 0.35546875 0.3515625 0.0453125 0.115625
1 0.3265625 0.34609375 0.0453125 0.1015625
1 0.24140625 0.15390625 0.0421875 0.090625
1 0.0546875 0.23046875 0.053125 0.0875
1 0.05625 0.1734375 0.0484375 0.084375
1 0.48671875 0.0140625 0.0328125 0.028125
0 0.48515625 0.0546875 0.04375 0.075
0 0.01953125 0.80625 0.0390625 0.109375
1 0.01015625 0.728125 0.0203125 0.078125
2 0.840625 0.378125 0.128125 0.1328125
2 0.69765625 0.28828125 0.1265625 0.1703125
2 0.55390625 0.2875 0.1140625 0.1671875
2 0.3203125 0.38125 0.134375 0.196875
2 0.47421875 0.34921875 0.134375 0.1796875
2 0.4828125 0.05 0.05625 0.1
2 0.23984375 0.1875 0.1 0.1640625
2 0.06328125 0.2625 0.090625 0.1421875
2 0.0671875 0.18984375 0.0765625 0.1125
2 0.03125 0.79765625 0.0625 0.2203125