0 0.3578125 0.94921875 0.1859375 0.09296875
0 0.58671875 0.790625 0.14921875 0.140625
0 0.759375 0.7109375 0.1453125 0.125
0 0.9015625 0.64453125 0.13515625 0.12265625
0 0.93359375 0.14765625 0.0671875 0.084375
0 0.71796875 0.18125 0.021875 0.08046875
0 0.61953125 0.17890625 0.02734375 0.09609375
0 0.6703125 0.0875 0.02265625 0.07890625
0 0.18203125 0.2078125 0.06875 0.08046875
0 0.246875 0.12421875 0.0546875 0.07109375
1 0.1765625 0.13984375 0.0421875 0.07265625
1 0.24453125 0.07265625 0.04140625 0.07109375
1 0.62265625 0.10703125 0.0359375 0.0796875
1 0.67265625 0.028125 0.02734375 0.05390625
1 0.7203125 0.12578125 0.01640625 0.03125
1 0.7203125 0.1046875 0.02734375 0.04609375
1 0.721875 0.08046875 0.01328125 0.01953125
1 0.93515625 0.1015625 0.0234375 0.05234375
1 0.9140625 0.5578125 0.0515625 0.1203125
1 0.78359375 0.621875 0.04921875 0.12265625
1 0.596875 0.709375 0.0609375 0.1234375
1 0.37265625 0.871875 0.08828125 0.1421875
2 0.1828125 0.1734375 0.08125 0.159375
2 0.246875 0.1 0.05234375 0.134375
2 0.61875 0.14453125 0.04296875 0.1609375
2 0.67109375 0.0671875 0.03359375 0.12890625
2 0.7171875 0.146875 0.04765625 0.15859375
2 0.9359375 0.1328125 0.07265625 0.11328125
2 0.90078125 0.60078125 0.13203125 0.20703125
2 0.7609375 0.66484375 0.14140625 0.2
2 0.5796875 0.76171875 0.1671875 0.2421875
2 0.365625 0.8953125 0.19921875 0.203125