0 0.2140625 0.32265625 0.1421875 0.1078125
0 0.58359375 0.13203125 0.04375 0.0875
0 0.6125 0.340625 0.121875 0.0953125
0 0.9421875 0.33125 0.0953125 0.0875
0 0.86015625 0.284375 0.08125 0.09375
0 0.83046875 0.37890625 0.1046875 0.103125
1 0.20546875 0.27734375 0.0859375 0.15
1 0.61640625 0.28671875 0.06875 0.15
1 0.84453125 0.340625 0.053125 0.1359375
1 0.865625 0.234375 0.0515625 0.0984375
1 0.9484375 0.29140625 0.0515625 0.1328125
1 0.846875 0.85859375 0.084375 0.171875
1 0.89453125 0.83515625 0.06875 0.1421875
0 0.81484375 0.925 0.1765625 0.1484375
1 0.59765625 0.0640625 0.0421875 0.065625
2 0.21640625 0.28828125 0.13125 0.165625
2 0.621875 0.30390625 0.11875 0.1671875
2 0.59140625 0.10625 0.0546875 0.1453125
2 0.8359375 0.35078125 0.10625 0.15625
2 0.86015625 0.2578125 0.0921875 0.140625
2 0.95234375 0.29609375 0.0953125 0.1640625
2 0.8265625 0.86484375 0.203125 0.25