0 0.04375 0.33984375 0.0875 0.1171875
0 0.38515625 0.38671875 0.0609375 0.134375
0 0.165625 0.71875 0.08125 0.1765625
0 0.33515625 0.96171875 0.1546875 0.0765625
0 0.45546875 0.12109375 0.05625 0.1015625
0 0.7875 0.15390625 0.1015625 0.13125
0 0.92890625 0.2984375 0.10625 0.134375
1 0.0265625 0.28671875 0.053125 0.1078125
1 0.18046875 0.62109375 0.065625 0.140625
1 0.31953125 0.9109375 0.109375 0.16875
1 0.3796875 0.29921875 0.0484375 0.0875
1 0.3859375 0.27421875 0.0421875 0.0734375
1 0.45 0.05234375 0.0390625 0.0734375
1 0.790625 0.09921875 0.0390625 0.0875
1 0.93046875 0.25 0.0640625 0.1046875
2 0.04453125 0.3140625 0.0890625 0.18125
2 0.38203125 0.34609375 0.1 0.2171875
2 0.1828125 0.671875 0.1640625 0.26875
2 0.32578125 0.90703125 0.1828125 0.1859375
2 0.45234375 0.09296875 0.0703125 0.1625
2 0.784375 0.13984375 0.096875 0.159375
2 0.92421875 0.28515625 0.121875 0.1765625