0 0.5515625 0.21953125 0.03984375 0.10859375
0 0.59609375 0.07109375 0.03125 0.08125
0 0.73828125 0.10625 0.02265625 0.08828125
0 0.88125 0.31171875 0.090625 0.09375
0 0.9375 0.2484375 0.075 0.08203125
1 0.55625 0.1453125 0.0390625 0.07890625
1 0.5953125 0.01875 0.02890625 0.03671875
1 0.740625 0.046875 0.03359375 0.053125
1 0.88359375 0.275 0.04296875 0.1328125
1 0.921875 0.19921875 0.028125 0.075
1 0.9421875 0.2203125 0.02421875 0.109375
2 0.55234375 0.184375 0.05 0.17109375
2 0.73984375 0.090625 0.0421875 0.14375
2 0.59453125 0.05703125 0.03828125 0.11328125
2 0.87421875 0.2828125 0.0859375 0.15703125
2 0.93359375 0.22578125 0.07421875 0.1171875