1 0.475 0.55 0.034375 0.065625
1 0.47265625 0.51484375 0.025 0.040625
0 0.47734375 0.5984375 0.04375 0.0984375
0 0.52734375 0.4890625 0.0265625 0.0578125
0 0.64375 0.459375 0.021875 0.05625
1 0.52421875 0.45078125 0.021875 0.04375
1 0.528125 0.440625 0.015625 0.0296875
1 0.6390625 0.42109375 0.021875 0.04375
0 0.16015625 0.57109375 0.0265625 0.05625
1 0.15703125 0.5234375 0.025 0.0421875
2 0.15625 0.54921875 0.0390625 0.0921875
2 0.471875 0.56328125 0.0609375 0.1546875
2 0.525 0.4703125 0.0359375 0.115625
2 0.640625 0.440625 0.034375 0.0953125