1 0.25859375 0.090625 0.053125 0.09375
1 0.6984375 0.14140625 0.034375 0.071875
1 0.64453125 0.05 0.0296875 0.05625
1 0.63828125 0.0265625 0.021875 0.0296875
1 0.70546875 0.075 0.028125 0.05
1 0.74375 0.09296875 0.0375 0.0734375
0 0.6375 0.10234375 0.040625 0.0875
0 0.6859375 0.18359375 0.0359375 0.0640625
0 0.7421875 0.16015625 0.03125 0.0796875
0 0.26015625 0.12890625 0.0671875 0.1109375
2 0.26171875 0.115625 0.06875 0.15
2 0.64140625 0.0796875 0.05 0.1453125
2 0.6921875 0.1640625 0.0421875 0.1203125
2 0.74296875 0.12734375 0.053125 0.15