0 0.603125 0.2109375 0.0375 0.1
1 0.61640625 0.14921875 0.0328125 0.06875
1 0.62734375 0.12109375 0.025 0.053125
0 0.69765625 0.34140625 0.0953125 0.0953125
1 0.703125 0.2859375 0.05 0.1078125
1 0.7796875 0.3484375 0.0390625 0.0953125
1 0.81015625 0.36015625 0.040625 0.1203125
1 0.903125 0.296875 0.053125 0.0875
0 0.89453125 0.36171875 0.0921875 0.0875
0 0.7984375 0.42578125 0.109375 0.090625
2 0.60859375 0.178125 0.06875 0.18125
2 0.696875 0.30625 0.0984375 0.1546875
2 0.8015625 0.38828125 0.1125 0.178125
2 0.896875 0.3265625 0.0921875 0.146875