1 0.54609375 0.8890625 0.0546875 0.090625
1 0.50234375 0.89609375 0.0390625 0.10625
1 0.50625 0.81953125 0.0453125 0.084375
1 0.5421875 0.86640625 0.103125 0.1625
0 0.559375 0.94296875 0.103125 0.1140625
0 0.3546875 0.3421875 0.0140625 0.034375
0 0.72421875 0.40234375 0.021875 0.0421875
1 0.7234375 0.375 0.021875 0.034375
1 0.71796875 0.36875 0.0171875 0.03125
1 0.353125 0.31875 0.0171875 0.028125
0 0.971875 0.496875 0.028125 0.0578125
1 0.97109375 0.44765625 0.028125 0.0609375
1 0.9609375 0.4421875 0.021875 0.053125
2 0.96796875 0.46640625 0.0515625 0.1265625
2 0.72578125 0.38671875 0.0328125 0.0765625
2 0.35390625 0.3328125 0.0234375 0.059375
2 0.54140625 0.87578125 0.15625 0.2359375