0 0.2234375 0.4609375 0.128125 0.10625
1 0.1890625 0.38515625 0.05 0.10625
1 0.21953125 0.38515625 0.040625 0.115625
0 0.509375 0.31484375 0.0375 0.11875
1 0.5203125 0.240625 0.0453125 0.08125
0 0.55390625 0.01953125 0.040625 0.0390625
0 0.64296875 0.0296875 0.040625 0.059375
0 0.66875 0.165625 0.05625 0.08125
0 0.72578125 0.1359375 0.05625 0.078125
0 0.809375 0.18984375 0.06875 0.0875
0 0.80546875 0.1078125 0.03125 0.040625
0 0.91796875 0.45546875 0.0421875 0.09375
1 0.91640625 0.36875 0.040625 0.096875
1 0.82734375 0.134375 0.0265625 0.071875
1 0.815625 0.05859375 0.0296875 0.0625
1 0.73046875 0.08125 0.0328125 0.0703125
1 0.675 0.1109375 0.03125 0.078125
2 0.1607566546875 0.32811862812500003 0.1551330796875 0.5251028734375 0.29749049375 0.505831325 0.28623574218750003 0.3183114 0.1607566546875 0.32811862812500003
2 0.49485095 0.1977914734375 0.49666768125000005 0.3908906390625 0.5257437265625 0.35682761875 0.5531422046875 0.1940092671875 0.49485095 0.1977914734375
2 0.6358030421875001 0.1573595921875 0.6945634984375 0.221030584375 0.6948136875 0.0720593140625 0.6585566546875 0.0680982390625 0.6358030421875001 0.1573595921875
2 0.6966258562500001 0.13055050937499998 0.751136121875 0.18934754375 0.7528866921875 0.04525023125 0.7091285171874999 0.053170528125000005 0.6966258562500001 0.13055050937499998
2 0.7830790875 0.0932140875 0.7958319390625 0.1386061171875 0.837589353125 0.10905560781250001 0.8173353609375 0.025597775 0.815085171875 0.0298480078125 0.7830790875 0.0932140875
2 0.91640625 0.4109375 0.053125 0.1875
2 0.7693809890625001 0.17504077812500002 0.8283422046875 0.23509453125 0.84487680625 0.161738646875 0.833645628125 0.09066265 0.7693809890625001 0.17504077812500002