0 0.22109375 0.6078125 0.078125 0.16875
1 0.2390625 0.50859375 0.0734375 0.134375
1 0.2625 0.49765625 0.0375 0.1109375
1 0.42109375 0.3984375 0.06875 0.1296875
1 0.64140625 0.278125 0.046875 0.1109375
1 0.43125 0.19453125 0.0453125 0.0734375
1 0.1734375 0.1421875 0.040625 0.08125
1 0.1921875 0.1328125 0.0375 0.08125
1 0.48203125 0.0203125 0.0328125 0.040625
0 0.39140625 0.86171875 0.0875 0.2
0 0.41484375 0.48359375 0.075 0.134375
0 0.6390625 0.365625 0.05 0.11875
0 0.43203125 0.2640625 0.0625 0.1390625
0 0.2 0.20234375 0.0734375 0.0890625
0 0.48359375 0.06953125 0.04375 0.0921875
2 0.1921875 0.16328125 0.090625 0.1546875
2 0.246875 0.559375 0.121875 0.259375
2 0.41015625 0.8078125 0.134375 0.2921875
1 0.41328125 0.7640625 0.08125 0.228125
2 0.42109375 0.44921875 0.0984375 0.2375
2 0.64296875 0.32421875 0.0671875 0.2109375
2 0.434375 0.240625 0.071875 0.171875
2 0.47890625 0.05625 0.0546875 0.1125