1 0.06328125 0.18203125 0.040625 0.08203125
1 0.23515625 0.06953125 0.04140625 0.084375
1 0.89453125 0.21875 0.03671875 0.08203125
1 0.81484375 0.20703125 0.04921875 0.08203125
1 0.73671875 0.07421875 0.01796875 0.05703125
1 0.72265625 0.05 0.021875 0.053125
0 0.81484375 0.2640625 0.0765625 0.10234375
0 0.88828125 0.27109375 0.07265625 0.10703125
0 0.2375 0.12890625 0.04140625 0.06953125
2 0.23828125 0.09140625 0.0484375 0.134375
2 0.8109375 0.2375 0.084375 0.1515625
2 0.88515625 0.253125 0.0796875 0.1484375