0 0.20390625 0.59609375 0.1359375 0.2328125
1 0.2109375 0.53359375 0.096875 0.25
1 0.92421875 0.23828125 0.0421875 0.0875
1 0.78984375 0.12734375 0.053125 0.0828125
1 0.71328125 0.0890625 0.040625 0.05625
0 0.728125 0.053125 0.0671875 0.0546875
0 0.90546875 0.2859375 0.103125 0.1140625
0 0.784375 0.16796875 0.059375 0.0828125
0 0.7078125 0.15390625 0.0515625 0.1
2 0.209375 0.5625 0.1609375 0.3140625
2 0.90703125 0.26640625 0.1109375 0.1609375
2 0.784375 0.146875 0.06875 0.1328125
2 0.70625 0.13203125 0.0578125 0.14375