1 0.55625 0.35625 0.040625 0.065625
1 0.5515625 0.33828125 0.0625 0.109375
1 0.48203125 0.22578125 0.0296875 0.03125
1 0.4796875 0.20703125 0.0484375 0.078125
0 0.4890625 0.296875 0.0453125 0.1109375
0 0.57421875 0.425 0.0875 0.1390625
0 0.4609375 0.44453125 0.071875 0.140625
0 0.38671875 0.234375 0.05 0.1078125
0 0.35546875 0.36875 0.0640625 0.1234375
0 0.24140625 0.32734375 0.0421875 0.1171875
0 0.0609375 0.38046875 0.078125 0.1015625
1 0.4484375 0.35234375 0.059375 0.1171875
1 0.36875 0.165625 0.04375 0.078125
1 0.3453125 0.28515625 0.05 0.0875
1 0.2359375 0.24296875 0.05 0.0765625
1 0.05 0.31015625 0.059375 0.10625
2 0.5640625 0.38359375 0.0921875 0.215625
2 0.45625 0.40546875 0.078125 0.221875
2 0.4875 0.2625 0.0578125 0.190625
2 0.38125 0.209375 0.0640625 0.1609375
2 0.24375 0.2953125 0.0703125 0.1875
2 0.353125 0.3328125 0.071875 0.1890625
2 0.05703125 0.34765625 0.096875 0.1796875