0 0.9015625 0.4140625 0.1484375 0.103125
0 0.86015625 0.53203125 0.1578125 0.11875
0 0.63203125 0.475 0.1390625 0.1234375
0 0.48125 0.4234375 0.1265625 0.103125
0 0.4734375 0.3015625 0.109375 0.090625
1 0.478125 0.23984375 0.0578125 0.1078125
1 0.475 0.36328125 0.0546875 0.1125
1 0.6390625 0.41171875 0.0546875 0.1125
1 0.865625 0.46015625 0.06875 0.1328125
1 0.91484375 0.34765625 0.0609375 0.1265625
1 0.3234375 0.2953125 0.0390625 0.084375
1 0.28984375 0.2828125 0.040625 0.09375
0 0.30078125 0.3609375 0.0984375 0.1015625
1 0.17109375 0.38984375 0.0453125 0.096875
0 0.1765625 0.45546875 0.0984375 0.1015625
0 0.2 0.3796875 0.0328125 0.0671875
1 0.16796875 0.31640625 0.0484375 0.08125
1 0.13828125 0.2375 0.04375 0.0875
0 0.14375 0.29140625 0.0703125 0.071875
0 0.05234375 0.503125 0.1046875 0.1015625
1 0.040625 0.44609375 0.0609375 0.1265625
0 0.39765625 0.04609375 0.0328125 0.065625
2 0.89296875 0.375 0.1578125 0.190625
2 0.8578125 0.490625 0.1578125 0.1953125
2 0.62109375 0.44609375 0.1453125 0.1765625
2 0.4765625 0.3859375 0.1203125 0.175
2 0.46953125 0.26328125 0.1140625 0.1515625
2 0.29765625 0.32578125 0.1 0.1671875
2 0.14140625 0.2625 0.0828125 0.1296875
2 0.05390625 0.4640625 0.1078125 0.171875
2 0.175 0.42265625 0.0984375 0.1578125
2 0.1734375 0.33203125 0.090625 0.11875