0 0.23046875 0.43359375 0.01328125 0.040625
1 0.22734375 0.40390625 0.01171875 0.0265625
1 0.2328125 0.4015625 0.009375 0.0265625
0 0.49140625 0.6328125 0.03359375 0.0953125
1 0.49296875 0.56796875 0.03671875 0.06796875
1 0.5984375 0.5109375 0.0265625 0.0453125
1 0.59609375 0.5296875 0.02890625 0.09453125
0 0.596875 0.55390625 0.025 0.08359375
0 0.59921875 0.30390625 0.01171875 0.034375
1 0.5984375 0.28125 0.0125 0.025
2 0.23046875 0.41875 0.01953125 0.0703125
2 0.4890625 0.60390625 0.0453125 0.159375
2 0.5953125 0.53828125 0.03046875 0.11953125
2 0.59921875 0.29375 0.01953125 0.0640625