0 0.31328125 0.9203125 0.05546875 0.159375
0 0.74921875 0.36796875 0.109375 0.0859375
0 0.9390625 0.484375 0.121875 0.12578125
0 0.88671875 0.109375 0.071875 0.0421875
1 0.34765625 0.79296875 0.06796875 0.140625
1 0.39140625 0.77890625 0.06015625 0.196875
1 0.75390625 0.33046875 0.04921875 0.12421875
1 0.79140625 0.31328125 0.04140625 0.0859375
1 0.9625 0.428125 0.0484375 0.09921875
1 0.8921875 0.0890625 0.0296875 0.06796875
2 0.34765625 0.8359375 0.1421875 0.328125
2 0.75234375 0.34375 0.125 0.1671875
2 0.9375 0.45703125 0.125 0.1765625