1 0.58203125 0.6796875 0.0578125 0.0921875
1 0.565625 0.65234375 0.028125 0.0625
0 0.6015625 0.778125 0.0671875 0.15
0 0.6078125 0.46484375 0.025 0.0578125
1 0.6015625 0.43046875 0.0234375 0.0375
1 0.59296875 0.40078125 0.015625 0.0328125
1 0.5859375 0.39453125 0.0078125 0.015625
1 0.59296875 0.37734375 0.015625 0.0296875
0 0.59296875 0.4265625 0.0203125 0.0390625
1 0.1953125 0.57421875 0.0390625 0.0921875
0 0.2 0.596875 0.0328125 0.0640625
2 0.19453125 0.571875 0.0421875 0.096875
2 0.60078125 0.73359375 0.125 0.2515625
2 0.60625 0.45 0.028125 0.0828125
2 0.59140625 0.41640625 0.0234375 0.0625