0 0.84921875 0.2390625 0.1078125 0.109375
0 0.7828125 0.16875 0.075 0.09375
0 0.6609375 0.425 0.13125 0.096875
0 0.67890625 0.32578125 0.1078125 0.0734375
0 0.5 0.34765625 0.10625 0.103125
0 0.35390625 0.328125 0.090625 0.115625
0 0.27890625 0.3859375 0.0953125 0.0875
0 0.240625 0.57890625 0.121875 0.14375
0 0.36875 0.11171875 0.0421875 0.08125
0 0.33125 0.0796875 0.0359375 0.0875
0 0.43203125 0.07421875 0.0328125 0.09375
0 0.446875 0.02734375 0.025 0.0515625
1 0.86640625 0.1828125 0.0546875 0.0796875
1 0.79453125 0.11015625 0.0296875 0.0546875
1 0.8125 0.125 0.0296875 0.065625
1 0.6734375 0.3578125 0.0484375 0.0984375
1 0.6859375 0.278125 0.0390625 0.0890625
1 0.4984375 0.28203125 0.0375 0.090625
1 0.3453125 0.2765625 0.0421875 0.090625
1 0.3 0.33671875 0.0328125 0.084375
1 0.27578125 0.328125 0.0328125 0.084375
1 0.2328125 0.5078125 0.05625 0.109375
1 0.3640625 0.05859375 0.0328125 0.065625
1 0.3203125 0.02734375 0.034375 0.04375
1 0.428125 0.021875 0.025 0.040625
2 0.85390625 0.2234375 0.1140625 0.1703125
2 0.7890625 0.146875 0.0875 0.13125
2 0.49921875 0.31484375 0.1125 0.1671875
2 0.665625 0.3890625 0.1390625 0.1671875
2 0.67734375 0.31171875 0.121875 0.1609375
2 0.2390625 0.5515625 0.1234375 0.2015625
2 0.35546875 0.30546875 0.0953125 0.1546875
2 0.28515625 0.36796875 0.1078125 0.1625
2 0.371875 0.09296875 0.04375 0.1328125
2 0.32890625 0.06484375 0.0375 0.1203125
2 0.43125 0.0609375 0.0390625 0.11875