0 0.08828125 0.4359375 0.12109375 0.1296875
1 0.08046875 0.3546875 0.0609375 0.12421875
1 0.5828125 0.646875 0.05625 0.14140625
0 0.5609375 0.76171875 0.07421875 0.18671875
0 0.6546875 0.553125 0.05078125 0.1328125
0 0.57890625 0.490625 0.06015625 0.1390625
0 0.50390625 0.36484375 0.046875 0.12265625
0 0.64609375 0.3734375 0.0296875 0.109375
0 0.6015625 0.30078125 0.03203125 0.0953125
0 0.796875 0.38046875 0.13203125 0.11875
0 0.90703125 0.521875 0.11328125 0.12890625
0 0.9734375 0.4125 0.04453125 0.0921875
0 0.55078125 0.125 0.02734375 0.08671875
1 0.5109375 0.2859375 0.04296875 0.09609375
1 0.55625 0.0625 0.03203125 0.05859375
1 0.60625 0.21875 0.03828125 0.07734375
1 0.58828125 0.38828125 0.04765625 0.1
1 0.65625 0.4546875 0.05390625 0.08984375
1 0.6578125 0.29921875 0.034375 0.07734375
1 0.659375 0.26484375 0.01484375 0.03359375
1 0.8125 0.31328125 0.04375 0.09765625
1 0.915625 0.43984375 0.04609375 0.09453125
1 0.95703125 0.46796875 0.03671875 0.1046875
2 0.0921875 0.39609375 0.11484375 0.209375
2 0.5546875 0.1 0.04140625 0.140625
2 0.50859375 0.33359375 0.04921875 0.20234375
2 0.60390625 0.2625 0.040625 0.16640625
2 0.58671875 0.446875 0.0578125 0.21015625
2 0.5703125 0.7125 0.09609375 0.27421875
2 0.65078125 0.5203125 0.0546875 0.22109375
2 0.6484375 0.3453125 0.04609375 0.2015625
2 0.80078125 0.35546875 0.11171875 0.17890625
2 0.9109375 0.48828125 0.12734375 0.19375