0 0.5890625 0.5421875 0.03125 0.0765625
0 0.53671875 0.5453125 0.034375 0.0734375
0 0.55 0.43671875 0.025 0.059375
0 0.5984375 0.43359375 0.0234375 0.0578125
1 0.53359375 0.4984375 0.028125 0.04375
1 0.534375 0.5171875 0.0390625 0.0953125
1 0.5859375 0.49140625 0.0328125 0.05
1 0.546875 0.40234375 0.021875 0.0328125
1 0.596875 0.40390625 0.01875 0.0359375
1 0.59765625 0.4140625 0.0265625 0.0609375
1 0.19921875 0.4515625 0.01875 0.0421875
0 0.203125 0.48515625 0.01875 0.0421875
2 0.20234375 0.465625 0.028125 0.0796875
2 0.55 0.42265625 0.0296875 0.0828125
2 0.53515625 0.5265625 0.0453125 0.1140625
2 0.58671875 0.525 0.0375 0.115625
2 0.59921875 0.421875 0.0296875 0.0796875
1 0.5609375 0.23984375 0.009375 0.01875
0 0.5640625 0.25625 0.0125 0.0328125
2 0.56328125 0.24765625 0.0171875 0.053125