0 0.11171875 0.53828125 0.15625 0.1234375
0 0.16015625 0.43046875 0.075 0.1046875
1 0.10625 0.39765625 0.0640625 0.096875
1 0.0890625 0.4640625 0.0671875 0.0953125
1 0.55546875 0.2984375 0.053125 0.0875
1 0.88515625 0.18828125 0.059375 0.096875
1 0.20078125 0.08359375 0.0421875 0.071875
1 0.21328125 0.0703125 0.0375 0.0640625
0 0.215625 0.14453125 0.0484375 0.071875
0 0.56328125 0.36171875 0.1078125 0.09375
0 0.8890625 0.24609375 0.109375 0.0890625
2 0.10703125 0.50625 0.165625 0.203125
2 0.13125 0.4109375 0.1234375 0.15625
2 0.215625 0.10703125 0.084375 0.1421875
2 0.56015625 0.32890625 0.1140625 0.165625
2 0.88359375 0.21640625 0.109375 0.1484375