0 0.5875 0.20625 0.03203125 0.0984375
1 0.59765625 0.14375 0.0296875 0.06796875
1 0.60703125 0.11484375 0.02265625 0.0515625
0 0.6890625 0.33125 0.09140625 0.09140625
1 0.69140625 0.27578125 0.04375 0.10625
1 0.77109375 0.334375 0.034375 0.09296875
1 0.80234375 0.34375 0.03515625 0.11875
1 0.8921875 0.27578125 0.0484375 0.08515625
0 0.88671875 0.34140625 0.0875 0.08359375
0 0.79375 0.41015625 0.1046875 0.0859375
2 0.59140625 0.17265625 0.06015625 0.178125
2 0.68671875 0.29609375 0.090625 0.15078125
2 0.7953125 0.37265625 0.103125 0.17265625
2 0.8875 0.30625 0.08515625 0.14296875