0 0.6 0.6140625 0.02578125 0.08828125
0 0.6140625 0.4125 0.0125 0.04140625
0 0.61953125 0.37734375 0.01015625 0.0390625
1 0.60234375 0.5515625 0.02265625 0.04375
1 0.5984375 0.54609375 0.0296875 0.04453125
1 0.61328125 0.37890625 0.01484375 0.03046875
1 0.62109375 0.3515625 0.01015625 0.02109375
1 0.61640625 0.35078125 0.00625 0.02109375
1 0.61796875 0.3265625 0.009375 0.01875
2 0.60234375 0.59296875 0.0375 0.140625
2 0.61328125 0.3984375 0.02265625 0.0734375
2 0.61875 0.35546875 0.01328125 0.034375