0 0.2 0.34765625 0.1359375 0.096875
0 0.5515625 0.12578125 0.0359375 0.084375
0 0.5984375 0.33125 0.115625 0.0859375
0 0.9265625 0.29375 0.0890625 0.0796875
0 0.83984375 0.25390625 0.0734375 0.0875
0 0.81875 0.35078125 0.096875 0.0953125
1 0.1875 0.30390625 0.0734375 0.1453125
1 0.59765625 0.27734375 0.05625 0.146875
1 0.8296875 0.31171875 0.0421875 0.1328125
1 0.840625 0.20390625 0.04375 0.0953125
1 0.928125 0.253125 0.040625 0.13125
1 0.87734375 0.8265625 0.0703125 0.1671875
1 0.921875 0.79921875 0.0578125 0.1390625
0 0.85078125 0.89609375 0.165625 0.1359375
1 0.559375 0.05703125 0.0359375 0.0640625
2 0.19921875 0.31328125 0.11875 0.15625
2 0.60390625 0.29375 0.1046875 0.159375
2 0.55703125 0.09921875 0.04375 0.14375
2 0.821875 0.321875 0.0953125 0.1484375
2 0.8375 0.22734375 0.08125 0.1359375
2 0.93359375 0.2578125 0.08125 0.1578125
2 0.85703125 0.83515625 0.184375 0.2359375