0 0.37734375 0.665625 0.053125 0.1171875
0 0.45234375 0.6125 0.0578125 0.115625
0 0.3875 0.49921875 0.0296875 0.06875
0 0.38671875 0.3625 0.01875 0.04375
1 0.44453125 0.56015625 0.0421875 0.0640625
1 0.4390625 0.5375 0.0296875 0.046875
1 0.38125 0.4609375 0.0265625 0.040625
1 0.375 0.45078125 0.0140625 0.028125
1 0.3703125 0.596875 0.046875 0.08125
1 0.3828125 0.3359375 0.0171875 0.0296875
2 0.44921875 0.58828125 0.0671875 0.16875
2 0.3734375 0.64296875 0.0734375 0.16875
2 0.38515625 0.35 0.0328125 0.0734375
2 0.3859375 0.4828125 0.046875 0.10625