1 0.55625 0.6890625 0.046875 0.08671875
1 0.54375 0.66015625 0.0203125 0.06015625
0 0.56171875 0.78984375 0.046875 0.1453125
0 0.61171875 0.48046875 0.01796875 0.05625
1 0.61015625 0.4453125 0.01875 0.03515625
1 0.60546875 0.41484375 0.01171875 0.03125
1 0.6 0.4078125 0.00625 0.015625
1 0.609375 0.39140625 0.0125 0.02890625
0 0.60234375 0.43984375 0.01484375 0.03671875
1 0.18828125 0.53125 0.02734375 0.08984375
0 0.18984375 0.55390625 0.025 0.0609375
2 0.1875 0.52890625 0.02890625 0.09375
2 0.5671875 0.7453125 0.09296875 0.24140625
2 0.6125 0.465625 0.0171875 0.08046875
2 0.60234375 0.4296875 0.015625 0.06015625