0 0.18515625 0.56015625 0.16875 0.14375
1 0.13125 0.49765625 0.0625 0.1203125
1 0.1625 0.48984375 0.071875 0.1296875
1 0.05 0.41328125 0.071875 0.1109375
1 0.32109375 0.35859375 0.06875 0.115625
1 0.653125 0.1984375 0.0546875 0.09375
1 0.54296875 0.1359375 0.040625 0.075
1 0.54765625 0.0953125 0.03125 0.05625
1 0.79375 0.1796875 0.05 0.1
1 0.88359375 0.18125 0.0625 0.1
0 0.54375 0.1921875 0.0484375 0.10625
0 0.6609375 0.25546875 0.1171875 0.103125
0 0.803125 0.2453125 0.103125 0.10625
0 0.89609375 0.24609375 0.0875 0.0875
0 0.33984375 0.421875 0.128125 0.1046875
0 0.06015625 0.47578125 0.115625 0.109375
2 0.06640625 0.43828125 0.1328125 0.1828125
2 0.18125 0.51953125 0.1625 0.20625
2 0.3296875 0.38984375 0.140625 0.1890625
2 0.54296875 0.15234375 0.0796875 0.1859375
2 0.6484375 0.22734375 0.1203125 0.1578125
2 0.7984375 0.21015625 0.1015625 0.159375
2 0.88828125 0.2140625 0.096875 0.1640625