0 0.178125 0.546875 0.1453125 0.1296875
1 0.1671875 0.48359375 0.05703125 0.17109375
0 0.53671875 0.15546875 0.08515625 0.09453125
1 0.5421875 0.1 0.0328125 0.0671875
1 0.57890625 0.03046875 0.0234375 0.0609375
1 0.80625 0.16015625 0.03515625 0.0671875
1 0.834375 0.16875 0.02734375 0.08125
1 0.834375 0.24296875 0.0359375 0.07265625
1 0.9140625 0.140625 0.03046875 0.07109375
0 0.8203125 0.29765625 0.1015625 0.10234375
0 0.7921875 0.2 0.08984375 0.07890625
0 0.8953125 0.2 0.0828125 0.08359375
0 0.49375 0.0234375 0.0265625 0.04296875
0 0.5671875 0.0640625 0.0625 0.0953125
0 0.98125 0.35078125 0.03671875 0.10625
2 0.178125 0.51171875 0.14609375 0.2015625
2 0.53671875 0.13046875 0.0828125 0.13984375
2 0.56796875 0.05546875 0.05703125 0.109375
2 0.81875 0.27734375 0.09921875 0.13828125
2 0.7984375 0.184375 0.0984375 0.11875
2 0.89609375 0.17265625 0.0828125 0.12578125