1 0.2375 0.10390625 0.04921875 0.090625
1 0.6796875 0.13125 0.03125 0.0703125
1 0.62109375 0.04296875 0.02734375 0.0546875
1 0.61328125 0.0203125 0.0203125 0.02890625
1 0.6828125 0.06484375 0.025 0.0484375
1 0.721875 0.08046875 0.034375 0.07109375
0 0.61640625 0.0953125 0.0359375 0.08515625
0 0.66875 0.17421875 0.0328125 0.0625
0 0.72421875 0.14765625 0.02734375 0.07890625
0 0.24140625 0.1421875 0.0609375 0.10859375
2 0.2421875 0.12890625 0.06171875 0.146875
2 0.61953125 0.07265625 0.04296875 0.14375
2 0.67421875 0.1546875 0.0359375 0.11875
2 0.7234375 0.11484375 0.04609375 0.14765625