1 0.778125 0.93515625 0.134375 0.1296875
1 0.5046875 0.87734375 0.134375 0.2453125
1 0.325 0.646875 0.03125 0.0421875
1 0.3265625 0.628125 0.05625 0.0796875
1 0.328125 0.59375 0.0328125 0.0453125
1 0.43046875 0.590625 0.0484375 0.0703125
1 0.40546875 0.3953125 0.0203125 0.0328125
1 0.4234375 0.3515625 0.01875 0.0375
1 0.43671875 0.33671875 0.0140625 0.0234375
1 0.40703125 0.24296875 0.0125 0.021875
0 0.4015625 0.26328125 0.0140625 0.03125
0 0.4 0.428125 0.021875 0.053125
0 0.4203125 0.38359375 0.01875 0.0421875
0 0.43359375 0.36328125 0.015625 0.0421875
0 0.31171875 0.70859375 0.0765625 0.1640625
0 0.4203125 0.65546875 0.059375 0.1296875
0 0.734375 0.44375 0.0203125 0.0375
1 0.73984375 0.41796875 0.0203125 0.0296875
2 0.73671875 0.43203125 0.03125 0.0734375
2 0.4234375 0.6296875 0.071875 0.1765625
2 0.31484375 0.67421875 0.09375 0.23125
2 0.40234375 0.41484375 0.0296875 0.08125
2 0.43671875 0.3515625 0.021875 0.0609375
2 0.42109375 0.36484375 0.025 0.0671875
2 0.4046875 0.253125 0.021875 0.0484375