0 0.825 0.49609375 0.1640625 0.1515625
1 0.82578125 0.43203125 0.0828125 0.178125
0 0.41015625 0.165625 0.0984375 0.10625
1 0.39609375 0.11171875 0.0421875 0.071875
1 0.3484375 0.0484375 0.0328125 0.0640625
1 0.14453125 0.2125 0.0453125 0.071875
1 0.11796875 0.225 0.0390625 0.084375
1 0.1296875 0.2984375 0.046875 0.078125
1 0.03515625 0.21015625 0.040625 0.075
0 0.15234375 0.35 0.115625 0.1171875
0 0.16484375 0.24921875 0.1015625 0.0921875
0 0.0625 0.265625 0.0953125 0.0953125
0 0.43125 0.028125 0.0328125 0.046875
0 0.365625 0.0796875 0.0765625 0.1046875
0 0.0140625 0.42734375 0.028125 0.1109375
2 0.81953125 0.4609375 0.1765625 0.221875
2 0.40625 0.140625 0.103125 0.1515625
2 0.36328125 0.071875 0.0734375 0.1171875
2 0.15 0.3296875 0.1203125 0.1515625
2 0.15625 0.23515625 0.115625 0.1328125
2 0.0578125 0.23828125 0.1015625 0.1375