0 0.2015625 0.18671875 0.0703125 0.0828125
1 0.19140625 0.1265625 0.0609375 0.1140625
1 0.5546875 0.10703125 0.046875 0.0890625
0 0.55625 0.17109375 0.046875 0.0921875
0 0.55 0.04765625 0.0296875 0.0484375
1 0.54765625 0.01640625 0.0328125 0.0328125
0 0.575 0.02109375 0.021875 0.0421875
0 0.609375 0.05625 0.046875 0.0796875
1 0.6078125 0.015625 0.0375 0.03125
0 0.7 0.021875 0.05 0.04375
0 0.16171875 0.37578125 0.11875 0.0828125
1 0.14765625 0.32421875 0.0625 0.121875
1 0.06015625 0.39765625 0.053125 0.103125
1 0.13046875 0.421875 0.0578125 0.1015625
1 0.09453125 0.42265625 0.05 0.1203125
1 0.353125 0.375 0.06875 0.121875
1 0.365625 0.26796875 0.0703125 0.1078125
1 0.48984375 0.30625 0.0546875 0.1015625
1 0.52890625 0.4515625 0.0625 0.1609375
1 0.63359375 0.20078125 0.040625 0.0859375
1 0.65546875 0.3671875 0.0640625 0.146875
1 0.68671875 0.3609375 0.05625 0.15
0 0.684375 0.4171875 0.10625 0.0859375
1 0.7390625 0.259375 0.0453125 0.1
1 0.803125 0.221875 0.0390625 0.109375
1 0.86484375 0.29609375 0.0515625 0.1390625
1 0.88984375 0.2953125 0.0421875 0.1375
1 0.89921875 0.27890625 0.0265625 0.059375
1 0.93984375 0.1875 0.046875 0.0828125
0 0.8828125 0.340625 0.0984375 0.1015625
0 0.94140625 0.24453125 0.075 0.08125
0 0.75078125 0.33046875 0.1 0.09375
0 0.796875 0.2625 0.090625 0.0796875
0 0.63984375 0.2578125 0.1046875 0.0921875
0 0.53203125 0.48671875 0.14375 0.1234375
0 0.50625 0.36796875 0.1171875 0.1015625
0 0.390625 0.32890625 0.1140625 0.0796875
0 0.36796875 0.44765625 0.1359375 0.103125
0 0.153125 0.4984375 0.140625 0.0953125
0 0.05234375 0.4671875 0.06875 0.084375
2 0.20078125 0.14765625 0.0875 0.1609375
2 0.1609375 0.33828125 0.1265625 0.1515625
2 0.05078125 0.42109375 0.071875 0.15625
2 0.14453125 0.44921875 0.15625 0.1921875
2 0.36484375 0.40859375 0.134375 0.1890625
2 0.52734375 0.45546875 0.1421875 0.1875
2 0.5 0.3265625 0.1125 0.165625
2 0.3796875 0.27890625 0.11875 0.1578125
2 0.63828125 0.225 0.0921875 0.1421875
2 0.678125 0.37421875 0.128125 0.1828125
2 0.746875 0.2953125 0.096875 0.1578125
2 0.79296875 0.2265625 0.0859375 0.1375
2 0.8796875 0.3 0.1078125 0.1765625
2 0.94140625 0.2125 0.075 0.1328125
2 0.55703125 0.1359375 0.059375 0.15625
2 0.60859375 0.04921875 0.0578125 0.0984375
2 0.546875 0.0375 0.04375 0.075