0 0.54296875 0.33828125 0.046875 0.1046875
0 0.0953125 0.25859375 0.0984375 0.1140625
0 0.334375 0.071875 0.04375 0.09375
0 0.459375 0.153125 0.046875 0.103125
0 0.5015625 0.02421875 0.03125 0.0484375
0 0.6453125 0.04609375 0.0328125 0.059375
1 0.55234375 0.24921875 0.0671875 0.103125
1 0.4703125 0.084375 0.0390625 0.0640625
1 0.34140625 0.01796875 0.0359375 0.0359375
1 0.10234375 0.18359375 0.0578125 0.0953125
2 0.5484375 0.2984375 0.1046875 0.203125
2 0.46484375 0.1328125 0.0671875 0.153125
2 0.3390625 0.06015625 0.075 0.1203125
2 0.10390625 0.221875 0.1203125 0.1765625