1 0.5359375 0.88984375 0.0484375 0.0890625
1 0.58046875 0.8875 0.0328125 0.1046875
1 0.56015625 0.8140625 0.040625 0.0828125
1 0.53515625 0.8671875 0.0921875 0.1578125
0 0.5328125 0.9453125 0.096875 0.109375
0 0.609375 0.315625 0.0125 0.0328125
0 0.26015625 0.45078125 0.01875 0.0421875
1 0.2546875 0.42421875 0.01875 0.0328125
1 0.259375 0.4171875 0.0140625 0.03125
1 0.60625 0.2921875 0.015625 0.028125
0 0.0375 0.5953125 0.025 0.05625
1 0.02890625 0.546875 0.025 0.059375
1 0.03671875 0.5390625 0.01875 0.0515625
2 0.03515625 0.56484375 0.0421875 0.125
2 0.25625 0.43671875 0.0265625 0.0765625
2 0.6078125 0.30625 0.01875 0.059375
2 0.53828125 0.8765625 0.1421875 0.2296875