1 0.69765625 0.7234375 0.065625 0.2
1 0.290625 0.215625 0.05 0.128125
1 0.21640625 0.19921875 0.028125 0.084375
1 0.309375 0.053125 0.0359375 0.06875
1 0.5109375 0.065625 0.034375 0.0484375
1 0.5 0.05859375 0.015625 0.05625
0 0.51953125 0.1171875 0.0375 0.084375
0 0.31328125 0.103125 0.046875 0.071875
0 0.296875 0.24765625 0.0609375 0.103125
0 0.2234375 0.2421875 0.059375 0.109375
0 0.68515625 0.77578125 0.128125 0.2
2 0.68984375 0.7546875 0.115625 0.2578125
2 0.5171875 0.09296875 0.05 0.134375
2 0.29375 0.23046875 0.0578125 0.153125
2 0.2234375 0.228125 0.0625 0.146875
2 0.3140625 0.08359375 0.05 0.1296875