1 0.46328125 0.4328125 0.021875 0.028125
0 0.46953125 0.484375 0.021875 0.0578125
0 0.41484375 0.41328125 0.021875 0.046875
0 0.34921875 0.47421875 0.0234375 0.0515625
1 0.465625 0.45234375 0.0234375 0.0375
1 0.41171875 0.38125 0.015625 0.0296875
1 0.3453125 0.43828125 0.025 0.0390625
2 0.46796875 0.4671875 0.034375 0.09375
1 0.9859375 0.51953125 0.028125 0.0828125
0 0.990625 0.57109375 0.01875 0.0765625
2 0.98515625 0.5390625 0.0296875 0.134375
2 0.4125 0.3984375 0.025 0.078125
2 0.34765625 0.4609375 0.0328125 0.084375