1 0.0546875 0.90625 0.0828125 0.1453125
0 0.0765625 0.93125 0.1390625 0.1375
1 0.990625 0.12421875 0.01875 0.0578125
1 0.9734375 0.11875 0.01875 0.05234375
0 0.97109375 0.165625 0.0578125 0.059375
1 0.70390625 0.13671875 0.03671875 0.06953125
1 0.653125 0.10234375 0.0359375 0.07265625
1 0.6078125 0.090625 0.03828125 0.05703125
1 0.6140625 0.05625 0.015625 0.028125
0 0.60234375 0.15234375 0.03359375 0.0953125
0 0.65390625 0.17109375 0.02734375 0.09765625
0 0.70234375 0.20546875 0.0265625 0.109375
2 0.078125 0.90390625 0.14609375 0.18359375
2 0.60390625 0.121875 0.046875 0.1765625
2 0.65390625 0.14375 0.03515625 0.15625
2 0.70546875 0.178125 0.0390625 0.1671875
2 0.971875 0.1375 0.05625 0.1125