0 0.25234375 0.865625 0.175 0.1421875
1 0.21796875 0.81171875 0.0796875 0.1640625
0 0.73359375 0.4734375 0.08125 0.165625
1 0.7078125 0.38515625 0.071875 0.1140625
1 0.3296875 0.2125 0.0515625 0.0859375
1 0.38359375 0.19921875 0.0515625 0.090625
1 0.3484375 0.1 0.0375 0.0640625
1 0.34453125 0.07734375 0.0390625 0.05
1 0.18203125 0.12109375 0.0390625 0.0609375
1 0.53125 0.109375 0.0484375 0.071875
1 0.5046875 0.05078125 0.0375 0.06875
0 0.55546875 0.18828125 0.0546875 0.1203125
0 0.51875 0.0953125 0.0375 0.0703125
0 0.35703125 0.1421875 0.040625 0.059375
0 0.39765625 0.26796875 0.05 0.1140625
0 0.33984375 0.28046875 0.0546875 0.115625
0 0.19921875 0.18125 0.05 0.096875
2 0.725 0.43828125 0.140625 0.25625
2 0.54765625 0.1640625 0.071875 0.1765625
2 0.50625 0.0625 0.0546875 0.0984375
2 0.35078125 0.11953125 0.0546875 0.1421875
2 0.39453125 0.240625 0.0796875 0.178125
2 0.3421875 0.253125 0.075 0.178125
2 0.19453125 0.15703125 0.065625 0.146875
2 0.24453125 0.828125 0.1859375 0.2296875