1 0.5015625 0.02578125 0.0375 0.0515625
1 0.5875 0.03671875 0.0234375 0.0625
1 0.6046875 0.0453125 0.01875 0.0578125
1 0.66640625 0.14453125 0.0421875 0.0828125
1 0.75 0.15625 0.040625 0.08125
0 0.50234375 0.06875 0.0515625 0.0859375
0 0.5875 0.0875 0.0515625 0.0921875
0 0.66328125 0.203125 0.06875 0.0984375
0 0.74765625 0.2171875 0.0890625 0.109375
2 0.50078125 0.053125 0.053125 0.10625
2 0.58828125 0.0671875 0.059375 0.121875
2 0.66171875 0.17734375 0.0765625 0.15
2 0.74609375 0.19296875 0.096875 0.1578125