1 0.12265625 0.94609375 0.1046875 0.1078125
0 0.1484375 0.95625 0.159375 0.0875
1 0.92578125 0.05234375 0.028125 0.059375
1 0.9078125 0.04921875 0.0265625 0.0546875
0 0.91328125 0.09609375 0.065625 0.0671875
1 0.64453125 0.109375 0.046875 0.075
1 0.5890625 0.08359375 0.046875 0.078125
1 0.5421875 0.07890625 0.046875 0.0625
1 0.54296875 0.04375 0.0203125 0.0296875
0 0.546875 0.140625 0.0484375 0.1
0 0.60078125 0.15078125 0.0421875 0.1
0 0.65390625 0.17734375 0.04375 0.1125
2 0.14609375 0.93125 0.1734375 0.1375
2 0.54375 0.11015625 0.0734375 0.18125
2 0.59609375 0.12421875 0.059375 0.159375
2 0.65234375 0.15 0.0640625 0.171875
2 0.909375 0.06796875 0.0734375 0.1203125