0 0.19453125 0.35859375 0.13203125 0.09296875
0 0.53828125 0.12421875 0.03359375 0.08359375
0 0.5921875 0.328125 0.1125 0.08203125
0 0.91875 0.27890625 0.08671875 0.07734375
0 0.83125 0.2421875 0.07109375 0.08515625
0 0.81328125 0.33984375 0.09375 0.0921875
1 0.18046875 0.31484375 0.06875 0.14296875
1 0.58984375 0.27421875 0.0515625 0.14453125
1 0.82265625 0.3 0.0375 0.13203125
1 0.83046875 0.1921875 0.03984375 0.09453125
1 0.91953125 0.23828125 0.03671875 0.1296875
1 0.88828125 0.81328125 0.0640625 0.165625
1 0.93203125 0.784375 0.05234375 0.13671875
0 0.8640625 0.88359375 0.16171875 0.1296875
1 0.54375 0.05546875 0.034375 0.0625
2 0.19296875 0.32421875 0.1140625 0.153125
2 0.596875 0.290625 0.1 0.15546875
2 0.54296875 0.09765625 0.03828125 0.1421875
2 0.815625 0.3109375 0.08984375 0.14609375
2 0.828125 0.215625 0.07734375 0.1328125
2 0.925 0.24296875 0.0765625 0.15546875
2 0.86875 0.82265625 0.1765625 0.2296875