0 0.74609375 0.14375 0.0671875 0.0796875
1 0.74609375 0.0828125 0.0546875 0.1125
1 0.384375 0.1203125 0.0421875 0.0875
0 0.39296875 0.184375 0.0421875 0.090625
0 0.3796875 0.0609375 0.028125 0.046875
1 0.3765625 0.025 0.03125 0.040625
0 0.35 0.03359375 0.0203125 0.053125
0 0.321875 0.07890625 0.04375 0.078125
1 0.31640625 0.03046875 0.034375 0.0453125
0 0.22578125 0.046875 0.046875 0.0671875
0 0.81484375 0.325 0.115625 0.078125
1 0.8203125 0.27109375 0.05625 0.1203125
1 0.91796875 0.33046875 0.046875 0.1015625
1 0.853125 0.36484375 0.053125 0.1
1 0.88828125 0.36015625 0.04375 0.11875
1 0.625 0.353125 0.0625 0.11875
1 0.59609375 0.25 0.065625 0.1046875
1 0.4796875 0.30703125 0.05 0.1
1 0.4640625 0.45625 0.0546875 0.1578125
1 0.32109375 0.225 0.0375 0.0859375
1 0.32578125 0.39375 0.0578125 0.1453125
1 0.29375 0.3921875 0.0484375 0.1484375
0 0.3046875 0.446875 0.103125 0.08125
1 0.2265625 0.3 0.040625 0.0984375
1 0.15703125 0.27265625 0.0328125 0.1078125
1 0.1078125 0.35546875 0.0453125 0.1375
1 0.0828125 0.359375 0.0359375 0.1359375
1 0.07109375 0.34375 0.0234375 0.059375
1 0.01875 0.259375 0.0375 0.08125
0 0.096875 0.40234375 0.0953125 0.096875
0 0.0296875 0.3171875 0.059375 0.078125
0 0.22578125 0.371875 0.0953125 0.0890625
0 0.16953125 0.31171875 0.0875 0.075
0 0.32421875 0.28203125 0.1 0.0875
0 0.465625 0.49140625 0.1390625 0.115625
0 0.47265625 0.37109375 0.1125 0.096875
0 0.58125 0.3140625 0.1109375 0.075
0 0.621875 0.428125 0.13125 0.096875
0 0.8421875 0.44453125 0.1375 0.0890625
0 0.93671875 0.39765625 0.0640625 0.08125
2 0.740625 0.1046875 0.0796875 0.1578125
2 0.809375 0.2875 0.11875 0.146875
2 0.93125 0.3515625 0.065625 0.1546875
2 0.84375 0.39453125 0.1484375 0.1859375
2 0.61953125 0.3890625 0.125 0.184375
2 0.465625 0.46015625 0.134375 0.1828125
2 0.47265625 0.32890625 0.1046875 0.1625
2 0.584375 0.2625 0.1109375 0.153125
2 0.3203125 0.25 0.0859375 0.1390625
2 0.30390625 0.40390625 0.1203125 0.178125
2 0.22421875 0.3359375 0.0890625 0.1546875
2 0.1671875 0.27578125 0.078125 0.134375
2 0.09375 0.36171875 0.1 0.1734375
2 0.0265625 0.28515625 0.053125 0.1296875
2 0.38671875 0.14921875 0.0515625 0.1546875
2 0.3203125 0.0640625 0.0515625 0.1125
2 0.3796875 0.046875 0.0390625 0.08125