0 0.7015625 0.3796875 0.125 0.0921875
1 0.7375 0.31796875 0.0421875 0.109375
1 0.71015625 0.32578125 0.0453125 0.1171875
1 0.47578125 0.21015625 0.0375 0.084375
0 0.50546875 0.27890625 0.046875 0.0859375
1 0.346875 0.21484375 0.0296875 0.0546875
0 0.4265625 0.11953125 0.034375 0.090625
1 0.2546875 0.18359375 0.0234375 0.078125
1 0.2359375 0.18515625 0.025 0.0796875
1 0.24296875 0.06015625 0.0296875 0.0609375
1 0.39296875 0.02421875 0.0265625 0.0421875
1 0.4234375 0.04921875 0.0375 0.0625
0 0.38671875 0.07578125 0.0265625 0.0890625
0 0.32109375 0.2515625 0.0296875 0.05625
0 0.24296875 0.2453125 0.0828125 0.0890625
0 0.2484375 0.11484375 0.025 0.0703125
0 0.05625 0.2578125 0.03125 0.059375
1 0.025 0.1984375 0.0390625 0.0796875
2 0.70234375 0.34921875 0.125 0.1796875
2 0.42578125 0.09296875 0.0421875 0.1484375
2 0.24921875 0.09140625 0.040625 0.125
2 0.4796875 0.24296875 0.090625 0.1625
2 0.24140625 0.2171875 0.084375 0.1484375
2 0.3328125 0.2296875 0.0625 0.09375
2 0.38828125 0.05859375 0.0421875 0.1109375
2 0.03515625 0.221875 0.0703125 0.1375